697377.000000 -9095.000000 0.000000 
697044.000000 -8795.000000 0.000000 
696961.000000 -8603.000000 0.000000 
696521.000000 -8407.000000 0.000000 
696398.000000 -7073.000000 0.000000 
696263.000000 -5042.000000 0.000000 
695656.000000 -2508.000000 0.000000 
695254.000000 2837.000000 0.000000 
695200.000000 3857.000000 0.000000 
695023.000000 4734.000000 0.000000 
694963.000000 10239.000000 0.000000 
693125.000000 15693.000000 0.000000 
691909.000000 18251.000000 0.000000 
691872.000000 19089.000000 0.000000 
689485.000000 21182.000000 0.000000 
688874.000000 24770.000000 0.000000 
688210.000000 25061.000000 0.000000 
688129.000000 30509.000000 0.000000 
687273.000000 35564.000000 0.000000 
685912.000000 41665.000000 0.000000 
683870.000000 42888.000000 0.000000 
683714.000000 46002.000000 0.000000 
682836.000000 49784.000000 0.000000 
681674.000000 52337.000000 0.000000 
680959.000000 52782.000000 0.000000 
680620.000000 60618.000000 0.000000 
679040.000000 60664.000000 0.000000 
678991.000000 65131.000000 0.000000 
677835.000000 69273.000000 0.000000 
677612.000000 72729.000000 0.000000 
675974.000000 76530.000000 0.000000 
674607.000000 77268.000000 0.000000 
674520.000000 78113.000000 0.000000 
673929.000000 78128.000000 0.000000 
673271.000000 82234.000000 0.000000 
673235.000000 83349.000000 0.000000 
672910.000000 88124.000000 0.000000 
672184.000000 88331.000000 0.000000 
671978.000000 92145.000000 0.000000 
670017.000000 94302.000000 0.000000 
669432.000000 94607.000000 0.000000 
669340.000000 98173.000000 0.000000 
668918.000000 100992.000000 0.000000 
667844.000000 102174.000000 0.000000 
667387.000000 104183.000000 0.000000 
667234.000000 105172.000000 0.000000 
666427.000000 111893.000000 0.000000 
665308.000000 112745.000000 0.000000 
664259.000000 117343.000000 0.000000 
663588.000000 119830.000000 0.000000 
662237.000000 121343.000000 0.000000 
661325.000000 122623.000000 0.000000 
661252.000000 126654.000000 0.000000 
660668.000000 127415.000000 0.000000 
660634.000000 127467.000000 0.000000 
660103.000000 131363.000000 0.000000 
660078.000000 132184.000000 0.000000 
658816.000000 135734.000000 0.000000 
658691.000000 136046.000000 0.000000 
658083.000000 136890.000000 0.000000 
657772.000000 137114.000000 0.000000 
657724.000000 141723.000000 0.000000 
657146.000000 146461.000000 0.000000 
655449.000000 147953.000000 0.000000 
655320.000000 151678.000000 0.000000 
655093.000000 157104.000000 0.000000 
653922.000000 157612.000000 0.000000 
653561.000000 158362.000000 0.000000 
653125.000000 162448.000000 0.000000 
652434.000000 165698.000000 0.000000 
652429.000000 167008.000000 0.000000 
651691.000000 168123.000000 0.000000 
651062.000000 171287.000000 0.000000 
650631.000000 176690.000000 0.000000 
650385.000000 180306.000000 0.000000 
648170.000000 186335.000000 0.000000 
648051.000000 189770.000000 0.000000 
647843.000000 190040.000000 0.000000 
646045.000000 196083.000000 0.000000 
645624.000000 197109.000000 0.000000 
644170.000000 203315.000000 0.000000 
643874.000000 206843.000000 0.000000 
641636.000000 215715.000000 0.000000 
640201.000000 221659.000000 0.000000 
639734.000000 223672.000000 0.000000 
637256.000000 227028.000000 0.000000 
637158.000000 228117.000000 0.000000 
635347.000000 232278.000000 0.000000 
634756.000000 234398.000000 0.000000 
634663.000000 235672.000000 0.000000 
634070.000000 236419.000000 0.000000 
633569.000000 243793.000000 0.000000 
632116.000000 246469.000000 0.000000 
630320.000000 247951.000000 0.000000 
629474.000000 253351.000000 0.000000 
629221.000000 254389.000000 0.000000 
628644.000000 255894.000000 0.000000 
628006.000000 256114.000000 0.000000 
627747.000000 259783.000000 0.000000 
625955.000000 260472.000000 0.000000 
625858.000000 262363.000000 0.000000 
625290.000000 263493.000000 0.000000 
625174.000000 264358.000000 0.000000 
624811.000000 264771.000000 0.000000 
624742.000000 266330.000000 0.000000 
623604.000000 266520.000000 0.000000 
623531.000000 267902.000000 0.000000 
622976.000000 269445.000000 0.000000 
622544.000000 271193.000000 0.000000 
622159.000000 271212.000000 0.000000 
621653.000000 271491.000000 0.000000 
621413.000000 274094.000000 0.000000 
621388.000000 278404.000000 0.000000 
619630.000000 278469.000000 0.000000 
618696.000000 282367.000000 0.000000 
618376.000000 283080.000000 0.000000 
617542.000000 283098.000000 0.000000 
617426.000000 291590.000000 0.000000 
614025.000000 293345.000000 0.000000 
612051.000000 299291.000000 0.000000 
609668.000000 300706.000000 0.000000 
609534.000000 303164.000000 0.000000 
607754.000000 303633.000000 0.000000 
606952.000000 308185.000000 0.000000 
605072.000000 308799.000000 0.000000 
604590.000000 308824.000000 0.000000 
604545.000000 311307.000000 0.000000 
604082.000000 311938.000000 0.000000 
602782.000000 312447.000000 0.000000 
602736.000000 315934.000000 0.000000 
602648.000000 316566.000000 0.000000 
602475.000000 316916.000000 0.000000 
602271.000000 317161.000000 0.000000 
601149.000000 317635.000000 0.000000 
600423.000000 319892.000000 0.000000 
599893.000000 320265.000000 0.000000 
599834.000000 321315.000000 0.000000 
599167.000000 323844.000000 0.000000 
597734.000000 325172.000000 0.000000 
597423.000000 325507.000000 0.000000 
596372.000000 327868.000000 0.000000 
595169.000000 328005.000000 0.000000 
595090.000000 328136.000000 0.000000 
595066.000000 329863.000000 0.000000 
594689.000000 330258.000000 0.000000 
594225.000000 332598.000000 0.000000 
593501.000000 333104.000000 0.000000 
592895.000000 338932.000000 0.000000 
590148.000000 340854.000000 0.000000 
589420.000000 341598.000000 0.000000 
588952.000000 342514.000000 0.000000 
587256.000000 344187.000000 0.000000 
586951.000000 344681.000000 0.000000 
586856.000000 344961.000000 0.000000 
586760.000000 346047.000000 0.000000 
585764.000000 350343.000000 0.000000 
583842.000000 351952.000000 0.000000 
583224.000000 352118.000000 0.000000 
582846.000000 353328.000000 0.000000 
582835.000000 353476.000000 0.000000 
582233.000000 353681.000000 0.000000 
582139.000000 354633.000000 0.000000 
581795.000000 354665.000000 0.000000 
581293.000000 355026.000000 0.000000 
580679.000000 357404.000000 0.000000 
580199.000000 358224.000000 0.000000 
579487.000000 358755.000000 0.000000 
579426.000000 359224.000000 0.000000 
579269.000000 359939.000000 0.000000 
578985.000000 360032.000000 0.000000 
578954.000000 361704.000000 0.000000 
577235.000000 363461.000000 0.000000 
576951.000000 363665.000000 0.000000 
576890.000000 363937.000000 0.000000 
575975.000000 365419.000000 0.000000 
575224.000000 366213.000000 0.000000 
574912.000000 367033.000000 0.000000 
574575.000000 367098.000000 0.000000 
574311.000000 367742.000000 0.000000 
573914.000000 368951.000000 0.000000 
573548.000000 369906.000000 0.000000 
572910.000000 370087.000000 0.000000 
572516.000000 371629.000000 0.000000 
572132.000000 372970.000000 0.000000 
571273.000000 373843.000000 0.000000 
570857.000000 374420.000000 0.000000 
570308.000000 375009.000000 0.000000 
569835.000000 375082.000000 0.000000 
569719.000000 376525.000000 0.000000 
569307.000000 377158.000000 0.000000 
569130.000000 377677.000000 0.000000 
568312.000000 378099.000000 0.000000 
567057.000000 381187.000000 0.000000 
566293.000000 381253.000000 0.000000 
565114.000000 383271.000000 0.000000 
564590.000000 385083.000000 0.000000 
563891.000000 385533.000000 0.000000 
562732.000000 386453.000000 0.000000 
561836.000000 388085.000000 0.000000 
561495.000000 388667.000000 0.000000 
560583.000000 391423.000000 0.000000 
560113.000000 391969.000000 0.000000 
559881.000000 392298.000000 0.000000 
559348.000000 392737.000000 0.000000 
558348.000000 393815.000000 0.000000 
557792.000000 394892.000000 0.000000 
557614.000000 395560.000000 0.000000 
556098.000000 397605.000000 0.000000 
554927.000000 398437.000000 0.000000 
554216.000000 398903.000000 0.000000 
553437.000000 400131.000000 0.000000 
553094.000000 400509.000000 0.000000 
552746.000000 401935.000000 0.000000 
552357.000000 402563.000000 0.000000 
552289.000000 403640.000000 0.000000 
550954.000000 404506.000000 0.000000 
550484.000000 404691.000000 0.000000 
548933.000000 406095.000000 0.000000 
548855.000000 406164.000000 0.000000 
548398.000000 406883.000000 0.000000 
548270.000000 408033.000000 0.000000 
546423.000000 410614.000000 0.000000 
546153.000000 410822.000000 0.000000 
545515.000000 411184.000000 0.000000 
544152.000000 412894.000000 0.000000 
543866.000000 414000.000000 0.000000 
542488.000000 415519.000000 0.000000 
541946.000000 416060.000000 0.000000 
541670.000000 416324.000000 0.000000 
541494.000000 416396.000000 0.000000 
541135.000000 416458.000000 0.000000 
541098.000000 418217.000000 0.000000 
539634.000000 419220.000000 0.000000 
538839.000000 419505.000000 0.000000 
538547.000000 420193.000000 0.000000 
538374.000000 420379.000000 0.000000 
537582.000000 421501.000000 0.000000 
537182.000000 422459.000000 0.000000 
536613.000000 422655.000000 0.000000 
536236.000000 422938.000000 0.000000 
536057.000000 423099.000000 0.000000 
535690.000000 423516.000000 0.000000 
535201.000000 424503.000000 0.000000 
534437.000000 427118.000000 0.000000 
533034.000000 427721.000000 0.000000 
532753.000000 427785.000000 0.000000 
532613.000000 428548.000000 0.000000 
532137.000000 428760.000000 0.000000 
530966.000000 429888.000000 0.000000 
530163.000000 430847.000000 0.000000 
530115.000000 431282.000000 0.000000 
529996.000000 432347.000000 0.000000 
529132.000000 432945.000000 0.000000 
528749.000000 433197.000000 0.000000 
528283.000000 433837.000000 0.000000 
528204.000000 434424.000000 0.000000 
526889.000000 434439.000000 0.000000 
526754.000000 434442.000000 0.000000 
526399.000000 434938.000000 0.000000 
526185.000000 435373.000000 0.000000 
526000.000000 436069.000000 0.000000 
525981.000000 436581.000000 0.000000 
525155.000000 437062.000000 0.000000 
525028.000000 438208.000000 0.000000 
524995.000000 438761.000000 0.000000 
524968.000000 439099.000000 0.000000 
523205.000000 439774.000000 0.000000 
523127.000000 440213.000000 0.000000 
522497.000000 440599.000000 0.000000 
521751.000000 441070.000000 0.000000 
521100.000000 441826.000000 0.000000 
521008.000000 442997.000000 0.000000 
520388.000000 443372.000000 0.000000 
519463.000000 443771.000000 0.000000 
519350.000000 444296.000000 0.000000 
518959.000000 444825.000000 0.000000 
518874.000000 445372.000000 0.000000 
518042.000000 446089.000000 0.000000 
517595.000000 446156.000000 0.000000 
516974.000000 446703.000000 0.000000 
516443.000000 448524.000000 0.000000 
515597.000000 449294.000000 0.000000 
515082.000000 449570.000000 0.000000 
514345.000000 449672.000000 0.000000 
514014.000000 449911.000000 0.000000 
513831.000000 450890.000000 0.000000 
513756.000000 451019.000000 0.000000 
513319.000000 451184.000000 0.000000 
513316.000000 451388.000000 0.000000 
513213.000000 451782.000000 0.000000 
513096.000000 452153.000000 0.000000 
512768.000000 452321.000000 0.000000 
512403.000000 453097.000000 0.000000 
512002.000000 453664.000000 0.000000 
511719.000000 454072.000000 0.000000 
511659.000000 455412.000000 0.000000 
511445.000000 455896.000000 0.000000 
510891.000000 455995.000000 0.000000 
509778.000000 457620.000000 0.000000 
509667.000000 458258.000000 0.000000 
509259.000000 458538.000000 0.000000 
507625.000000 459653.000000 0.000000 
507424.000000 459938.000000 0.000000 
506732.000000 460629.000000 0.000000 
506532.000000 461999.000000 0.000000 
505094.000000 462361.000000 0.000000 
504435.000000 464723.000000 0.000000 
504030.000000 465331.000000 0.000000 
502274.000000 465812.000000 0.000000 
502174.000000 466000.000000 0.000000 
501726.000000 468834.000000 0.000000 
500735.000000 470303.000000 0.000000 
499724.000000 470316.000000 0.000000 
499582.000000 471292.000000 0.000000 
498020.000000 472127.000000 0.000000 
497331.000000 474331.000000 0.000000 
494943.000000 474701.000000 0.000000 
494888.000000 476676.000000 0.000000 
494810.000000 477016.000000 0.000000 
492652.000000 477233.000000 0.000000 
492552.000000 478676.000000 0.000000 
491971.000000 480171.000000 0.000000 
490582.000000 480475.000000 0.000000 
489406.000000 482034.000000 0.000000 
489266.000000 482116.000000 0.000000 
488938.000000 482266.000000 0.000000 
487779.000000 482595.000000 0.000000 
487302.000000 485094.000000 0.000000 
486528.000000 485402.000000 0.000000 
486458.000000 485488.000000 0.000000 
484881.000000 485704.000000 0.000000 
484624.000000 486006.000000 0.000000 
483958.000000 486703.000000 0.000000 
483915.000000 487658.000000 0.000000 
482854.000000 487755.000000 0.000000 
481749.000000 488060.000000 0.000000 
481681.000000 488313.000000 0.000000 
481659.000000 490353.000000 0.000000 
480454.000000 490520.000000 0.000000 
479972.000000 490552.000000 0.000000 
479268.000000 490827.000000 0.000000 
478985.000000 493425.000000 0.000000 
478394.000000 493891.000000 0.000000 
477215.000000 494022.000000 0.000000 
477189.000000 495971.000000 0.000000 
474712.000000 496339.000000 0.000000 
474109.000000 496654.000000 0.000000 
474029.000000 496791.000000 0.000000 
473928.000000 498736.000000 0.000000 
473294.000000 498773.000000 0.000000 
472226.000000 498856.000000 0.000000 
472146.000000 499323.000000 0.000000 
471209.000000 501370.000000 0.000000 
470854.000000 501401.000000 0.000000 
470196.000000 502180.000000 0.000000 
468209.000000 503493.000000 0.000000 
468129.000000 504263.000000 0.000000 
468089.000000 504836.000000 0.000000 
466580.000000 504879.000000 0.000000 
465794.000000 506154.000000 0.000000 
465429.000000 506449.000000 0.000000 
464824.000000 506837.000000 0.000000 
464296.000000 507163.000000 0.000000 
463024.000000 508752.000000 0.000000 
463002.000000 508954.000000 0.000000 
462215.000000 509002.000000 0.000000 
462124.000000 509243.000000 0.000000 
461927.000000 509498.000000 0.000000 
461897.000000 509705.000000 0.000000 
460431.000000 510942.000000 0.000000 
460224.000000 511454.000000 0.000000 
459794.000000 512380.000000 0.000000 
457780.000000 513322.000000 0.000000 
457448.000000 513884.000000 0.000000 
457164.000000 514371.000000 0.000000 
455433.000000 514585.000000 0.000000 
455113.000000 515210.000000 0.000000 
454439.000000 515296.000000 0.000000 
454339.000000 516892.000000 0.000000 
452752.000000 517316.000000 0.000000 
452533.000000 517743.000000 0.000000 
451755.000000 518206.000000 0.000000 
450871.000000 518952.000000 0.000000 
450615.000000 519090.000000 0.000000 
449202.000000 519167.000000 0.000000 
449053.000000 519189.000000 0.000000 
449021.000000 521801.000000 0.000000 
448347.000000 522118.000000 0.000000 
447101.000000 522667.000000 0.000000 
446439.000000 522919.000000 0.000000 
445633.000000 523077.000000 0.000000 
445249.000000 523173.000000 0.000000 
445018.000000 523841.000000 0.000000 
445012.000000 524156.000000 0.000000 
444895.000000 524396.000000 0.000000 
443211.000000 525210.000000 0.000000 
443069.000000 525908.000000 0.000000 
442195.000000 526663.000000 0.000000 
442041.000000 526672.000000 0.000000 
442001.000000 527886.000000 0.000000 
439853.000000 529552.000000 0.000000 
439525.000000 529840.000000 0.000000 
438642.000000 531055.000000 0.000000 
437613.000000 531465.000000 0.000000 
436475.000000 531953.000000 0.000000 
436338.000000 532059.000000 0.000000 
434624.000000 533193.000000 0.000000 
434578.000000 533483.000000 0.000000 
433838.000000 534431.000000 0.000000 
433797.000000 534488.000000 0.000000 
432017.000000 534567.000000 0.000000 
431555.000000 534994.000000 0.000000 
431553.000000 535816.000000 0.000000 
431271.000000 537499.000000 0.000000 
429068.000000 537588.000000 0.000000 
428274.000000 538273.000000 0.000000 
427277.000000 539741.000000 0.000000 
425864.000000 540150.000000 0.000000 
425676.000000 540385.000000 0.000000 
425439.000000 540615.000000 0.000000 
425331.000000 542653.000000 0.000000 
423555.000000 542995.000000 0.000000 
422037.000000 543035.000000 0.000000 
421815.000000 544410.000000 0.000000 
421798.000000 544639.000000 0.000000 
419290.000000 544651.000000 0.000000 
418874.000000 544926.000000 0.000000 
418844.000000 545541.000000 0.000000 
418374.000000 546083.000000 0.000000 
418298.000000 547251.000000 0.000000 
417172.000000 547729.000000 0.000000 
415933.000000 548764.000000 0.000000 
414666.000000 549575.000000 0.000000 
413648.000000 549584.000000 0.000000 
413559.000000 550472.000000 0.000000 
413064.000000 550637.000000 0.000000 
413018.000000 550823.000000 0.000000 
412659.000000 552502.000000 0.000000 
409955.000000 552647.000000 0.000000 
409925.000000 553529.000000 0.000000 
408628.000000 554728.000000 0.000000 
406081.000000 554897.000000 0.000000 
405613.000000 555075.000000 0.000000 
405532.000000 555722.000000 0.000000 
405139.000000 555723.000000 0.000000 
404614.000000 556642.000000 0.000000 
403406.000000 557645.000000 0.000000 
401663.000000 558772.000000 0.000000 
400150.000000 559294.000000 0.000000 
399805.000000 559607.000000 0.000000 
399198.000000 559853.000000 0.000000 
397929.000000 560855.000000 0.000000 
397884.000000 561215.000000 0.000000 
396761.000000 562153.000000 0.000000 
394481.000000 563428.000000 0.000000 
392787.000000 563934.000000 0.000000 
392597.000000 564614.000000 0.000000 
392056.000000 564645.000000 0.000000 
390981.000000 566744.000000 0.000000 
389601.000000 567087.000000 0.000000 
385855.000000 567579.000000 0.000000 
385711.000000 567715.000000 0.000000 
384980.000000 569486.000000 0.000000 
384808.000000 569926.000000 0.000000 
382718.000000 571140.000000 0.000000 
381165.000000 571777.000000 0.000000 
378504.000000 572130.000000 0.000000 
378209.000000 572486.000000 0.000000 
377189.000000 572575.000000 0.000000 
376338.000000 573252.000000 0.000000 
376091.000000 573357.000000 0.000000 
375988.000000 573512.000000 0.000000 
374966.000000 573775.000000 0.000000 
374851.000000 573877.000000 0.000000 
374537.000000 574384.000000 0.000000 
373261.000000 574398.000000 0.000000 
373066.000000 575080.000000 0.000000 
372914.000000 575677.000000 0.000000 
372753.000000 576081.000000 0.000000 
372526.000000 576744.000000 0.000000 
371966.000000 577036.000000 0.000000 
369441.000000 578679.000000 0.000000 
366953.000000 578825.000000 0.000000 
366708.000000 578849.000000 0.000000 
366379.000000 578954.000000 0.000000 
366103.000000 580248.000000 0.000000 
364646.000000 581019.000000 0.000000 
362578.000000 581432.000000 0.000000 
360584.000000 581925.000000 0.000000 
360430.000000 582492.000000 0.000000 
358113.000000 582872.000000 0.000000 
356856.000000 583697.000000 0.000000 
355962.000000 585920.000000 0.000000 
353104.000000 587051.000000 0.000000 
349961.000000 588045.000000 0.000000 
347105.000000 588348.000000 0.000000 
346861.000000 588436.000000 0.000000 
345146.000000 589451.000000 0.000000 
344382.000000 589657.000000 0.000000 
344021.000000 589998.000000 0.000000 
343280.000000 590246.000000 0.000000 
341792.000000 590485.000000 0.000000 
340535.000000 590527.000000 0.000000 
339941.000000 591174.000000 0.000000 
339274.000000 591829.000000 0.000000 
338559.000000 591948.000000 0.000000 
337785.000000 592308.000000 0.000000 
337706.000000 592453.000000 0.000000 
337632.000000 592867.000000 0.000000 
335044.000000 593713.000000 0.000000 
334954.000000 594197.000000 0.000000 
334086.000000 594312.000000 0.000000 
333278.000000 594997.000000 0.000000 
332314.000000 595166.000000 0.000000 
331445.000000 596765.000000 0.000000 
326338.000000 597072.000000 0.000000 
326019.000000 598102.000000 0.000000 
324822.000000 598643.000000 0.000000 
323231.000000 599301.000000 0.000000 
321307.000000 599973.000000 0.000000 
321012.000000 600755.000000 0.000000 
317798.000000 600787.000000 0.000000 
317076.000000 601108.000000 0.000000 
316301.000000 602082.000000 0.000000 
315774.000000 603139.000000 0.000000 
311700.000000 605012.000000 0.000000 
307710.000000 605719.000000 0.000000 
305566.000000 605939.000000 0.000000 
305291.000000 606177.000000 0.000000 
303726.000000 606764.000000 0.000000 
302195.000000 607165.000000 0.000000 
301764.000000 609497.000000 0.000000 
294462.000000 612126.000000 0.000000 
289810.000000 612774.000000 0.000000 
286874.000000 613839.000000 0.000000 
283756.000000 614693.000000 0.000000 
280700.000000 615243.000000 0.000000 
278156.000000 615534.000000 0.000000 
276773.000000 615825.000000 0.000000 
276638.000000 616130.000000 0.000000 
276347.000000 616953.000000 0.000000 
273107.000000 618748.000000 0.000000 
272059.000000 618964.000000 0.000000 
270010.000000 619208.000000 0.000000 
268830.000000 620099.000000 0.000000 
267681.000000 620954.000000 0.000000 
264470.000000 621646.000000 0.000000 
260748.000000 622771.000000 0.000000 
259234.000000 623170.000000 0.000000 
259167.000000 623316.000000 0.000000 
258056.000000 624112.000000 0.000000 
252960.000000 624761.000000 0.000000 
250452.000000 625264.000000 0.000000 
248568.000000 625316.000000 0.000000 
247379.000000 625826.000000 0.000000 
246759.000000 626162.000000 0.000000 
245895.000000 627016.000000 0.000000 
244544.000000 627052.000000 0.000000 
244389.000000 627315.000000 0.000000 
243135.000000 627732.000000 0.000000 
238751.000000 627867.000000 0.000000 
238419.000000 628360.000000 0.000000 
237823.000000 628912.000000 0.000000 
237381.000000 629261.000000 0.000000 
236422.000000 629532.000000 0.000000 
236075.000000 629612.000000 0.000000 
235721.000000 629740.000000 0.000000 
232741.000000 630538.000000 0.000000 
230745.000000 631496.000000 0.000000 
228439.000000 631742.000000 0.000000 
226175.000000 632529.000000 0.000000 
221827.000000 634328.000000 0.000000 
218937.000000 637693.000000 0.000000 
208006.000000 639203.000000 0.000000 
207938.000000 639636.000000 0.000000 
199002.000000 639651.000000 0.000000 
198032.000000 641590.000000 0.000000 
195180.000000 643007.000000 0.000000 
189509.000000 643164.000000 0.000000 
188173.000000 643271.000000 0.000000 
187089.000000 643626.000000 0.000000 
181205.000000 644964.000000 0.000000 
179600.000000 645602.000000 0.000000 
178638.000000 645993.000000 0.000000 
173626.000000 646016.000000 0.000000 
170916.000000 646635.000000 0.000000 
170673.000000 647237.000000 0.000000 
169029.000000 647703.000000 0.000000 
168864.000000 648033.000000 0.000000 
166372.000000 648201.000000 0.000000 
166142.000000 648527.000000 0.000000 
165202.000000 650618.000000 0.000000 
159301.000000 651109.000000 0.000000 
156975.000000 651399.000000 0.000000 
153397.000000 653906.000000 0.000000 
150704.000000 653926.000000 0.000000 
142908.000000 653978.000000 0.000000 
141459.000000 654787.000000 0.000000 
137150.000000 656314.000000 0.000000 
126669.000000 656362.000000 0.000000 
125663.000000 656417.000000 0.000000 
125573.000000 657850.000000 0.000000 
124750.000000 658224.000000 0.000000 
123389.000000 659096.000000 0.000000 
116004.000000 659277.000000 0.000000 
112214.000000 659512.000000 0.000000 
109409.000000 661070.000000 0.000000 
106074.000000 661700.000000 0.000000 
103378.000000 662432.000000 0.000000 
100574.000000 662434.000000 0.000000 
98019.000000 665058.000000 0.000000 
84987.000000 665657.000000 0.000000 
81061.000000 667501.000000 0.000000 
79936.000000 668737.000000 0.000000 
70419.000000 669988.000000 0.000000 
69417.000000 670661.000000 0.000000 
69167.000000 671243.000000 0.000000 
60399.000000 672706.000000 0.000000 
57248.000000 673248.000000 0.000000 
53011.000000 674025.000000 0.000000 
40098.000000 675133.000000 0.000000 
38576.000000 675213.000000 0.000000 
38208.000000 675263.000000 0.000000 
38146.000000 675266.000000 0.000000 
37447.000000 675276.000000 0.000000 
36931.000000 675365.000000 0.000000 
23108.000000 675369.000000 0.000000 
12795.000000 675651.000000 0.000000 
12741.000000 675729.000000 0.000000 
12710.000000 675839.000000 0.000000 
10827.000000 675855.000000 0.000000 
