678214.000000 180985.000000 0.000000 
678114.000000 181667.000000 0.000000 
677862.000000 182864.000000 0.000000 
677846.000000 188184.000000 0.000000 
677826.000000 189186.000000 0.000000 
677823.000000 189228.000000 0.000000 
677810.000000 189292.000000 0.000000 
675883.000000 201568.000000 0.000000 
675824.000000 201755.000000 0.000000 
675703.000000 202341.000000 0.000000 
674500.000000 202456.000000 0.000000 
673979.000000 211886.000000 0.000000 
673838.000000 212722.000000 0.000000 
673724.000000 214447.000000 0.000000 
672089.000000 219441.000000 0.000000 
671833.000000 222617.000000 0.000000 
671113.000000 224183.000000 0.000000 
669803.000000 231757.000000 0.000000 
668851.000000 233699.000000 0.000000 
667651.000000 240005.000000 0.000000 
665915.000000 243534.000000 0.000000 
665380.000000 245261.000000 0.000000 
665375.000000 246066.000000 0.000000 
665280.000000 246095.000000 0.000000 
665127.000000 249372.000000 0.000000 
664948.000000 251589.000000 0.000000 
664124.000000 257174.000000 0.000000 
663100.000000 258317.000000 0.000000 
663002.000000 261024.000000 0.000000 
661958.000000 262374.000000 0.000000 
661799.000000 264577.000000 0.000000 
661539.000000 265189.000000 0.000000 
660776.000000 266468.000000 0.000000 
660736.000000 270361.000000 0.000000 
660548.000000 271825.000000 0.000000 
659750.000000 271992.000000 0.000000 
659487.000000 273910.000000 0.000000 
659345.000000 274957.000000 0.000000 
658825.000000 283063.000000 0.000000 
658238.000000 285769.000000 0.000000 
657573.000000 291183.000000 0.000000 
655681.000000 299829.000000 0.000000 
654923.000000 303229.000000 0.000000 
654006.000000 307305.000000 0.000000 
652229.000000 310381.000000 0.000000 
651724.000000 311564.000000 0.000000 
651060.000000 314333.000000 0.000000 
650963.000000 319680.000000 0.000000 
649593.000000 321063.000000 0.000000 
649276.000000 324811.000000 0.000000 
648243.000000 326866.000000 0.000000 
647353.000000 329789.000000 0.000000 
647342.000000 333977.000000 0.000000 
646956.000000 334530.000000 0.000000 
646612.000000 336140.000000 0.000000 
646173.000000 337048.000000 0.000000 
645620.000000 337587.000000 0.000000 
645535.000000 337857.000000 0.000000 
644989.000000 340138.000000 0.000000 
644667.000000 343448.000000 0.000000 
644093.000000 348306.000000 0.000000 
642639.000000 349026.000000 0.000000 
642155.000000 349674.000000 0.000000 
642125.000000 349847.000000 0.000000 
642120.000000 358292.000000 0.000000 
640745.000000 359285.000000 0.000000 
640163.000000 360990.000000 0.000000 
640011.000000 361588.000000 0.000000 
639272.000000 362480.000000 0.000000 
638793.000000 368632.000000 0.000000 
636957.000000 372795.000000 0.000000 
636651.000000 373478.000000 0.000000 
635726.000000 378249.000000 0.000000 
635624.000000 378619.000000 0.000000 
634127.000000 380380.000000 0.000000 
633716.000000 381625.000000 0.000000 
633403.000000 383051.000000 0.000000 
632666.000000 383486.000000 0.000000 
632031.000000 385831.000000 0.000000 
631607.000000 388703.000000 0.000000 
630824.000000 392364.000000 0.000000 
629552.000000 396113.000000 0.000000 
627159.000000 399660.000000 0.000000 
626441.000000 400851.000000 0.000000 
625120.000000 403080.000000 0.000000 
624026.000000 403225.000000 0.000000 
623714.000000 403317.000000 0.000000 
623406.000000 404978.000000 0.000000 
623259.000000 405932.000000 0.000000 
622999.000000 406869.000000 0.000000 
622746.000000 407811.000000 0.000000 
621246.000000 409218.000000 0.000000 
620833.000000 411205.000000 0.000000 
620246.000000 411577.000000 0.000000 
619865.000000 412434.000000 0.000000 
619434.000000 413466.000000 0.000000 
619226.000000 413596.000000 0.000000 
618685.000000 413960.000000 0.000000 
618628.000000 414693.000000 0.000000 
618200.000000 414958.000000 0.000000 
617896.000000 418460.000000 0.000000 
617251.000000 418477.000000 0.000000 
616086.000000 419602.000000 0.000000 
616062.000000 424311.000000 0.000000 
613779.000000 425012.000000 0.000000 
613778.000000 425791.000000 0.000000 
613660.000000 427343.000000 0.000000 
611872.000000 429304.000000 0.000000 
610194.000000 432697.000000 0.000000 
608478.000000 432742.000000 0.000000 
608446.000000 435191.000000 0.000000 
608304.000000 436237.000000 0.000000 
606818.000000 439019.000000 0.000000 
604846.000000 440754.000000 0.000000 
604541.000000 441022.000000 0.000000 
604245.000000 441120.000000 0.000000 
604209.000000 441155.000000 0.000000 
602970.000000 444197.000000 0.000000 
601630.000000 447934.000000 0.000000 
599584.000000 451484.000000 0.000000 
597428.000000 452683.000000 0.000000 
596264.000000 454458.000000 0.000000 
595446.000000 455727.000000 0.000000 
593468.000000 457692.000000 0.000000 
592317.000000 459432.000000 0.000000 
592164.000000 460948.000000 0.000000 
591555.000000 461008.000000 0.000000 
590053.000000 463660.000000 0.000000 
588367.000000 465560.000000 0.000000 
587976.000000 466560.000000 0.000000 
586597.000000 468077.000000 0.000000 
585782.000000 468542.000000 0.000000 
585050.000000 469439.000000 0.000000 
584752.000000 471608.000000 0.000000 
584642.000000 472034.000000 0.000000 
583062.000000 474352.000000 0.000000 
581146.000000 476503.000000 0.000000 
578990.000000 476521.000000 0.000000 
578982.000000 479169.000000 0.000000 
577266.000000 482261.000000 0.000000 
575877.000000 485073.000000 0.000000 
574743.000000 487489.000000 0.000000 
571505.000000 488958.000000 0.000000 
570372.000000 489639.000000 0.000000 
569895.000000 490273.000000 0.000000 
569885.000000 492313.000000 0.000000 
569022.000000 492708.000000 0.000000 
568979.000000 493351.000000 0.000000 
568858.000000 495509.000000 0.000000 
567747.000000 496395.000000 0.000000 
566912.000000 497895.000000 0.000000 
566262.000000 498085.000000 0.000000 
565409.000000 498747.000000 0.000000 
564176.000000 499627.000000 0.000000 
563913.000000 500683.000000 0.000000 
562704.000000 501997.000000 0.000000 
562556.000000 502844.000000 0.000000 
561921.000000 503756.000000 0.000000 
561345.000000 504580.000000 0.000000 
560038.000000 505821.000000 0.000000 
559599.000000 505999.000000 0.000000 
559288.000000 506207.000000 0.000000 
559128.000000 506633.000000 0.000000 
558862.000000 506982.000000 0.000000 
558143.000000 508778.000000 0.000000 
557683.000000 508961.000000 0.000000 
557052.000000 509066.000000 0.000000 
556719.000000 509359.000000 0.000000 
556315.000000 510730.000000 0.000000 
556087.000000 512601.000000 0.000000 
554777.000000 513813.000000 0.000000 
554161.000000 515213.000000 0.000000 
552923.000000 516751.000000 0.000000 
552638.000000 517465.000000 0.000000 
551134.000000 518129.000000 0.000000 
550675.000000 518239.000000 0.000000 
550202.000000 519289.000000 0.000000 
549400.000000 520433.000000 0.000000 
548459.000000 520606.000000 0.000000 
548429.000000 521641.000000 0.000000 
548018.000000 521771.000000 0.000000 
547342.000000 523456.000000 0.000000 
545512.000000 523519.000000 0.000000 
545340.000000 525004.000000 0.000000 
545326.000000 525650.000000 0.000000 
543508.000000 526126.000000 0.000000 
543312.000000 526325.000000 0.000000 
543277.000000 526713.000000 0.000000 
542723.000000 526981.000000 0.000000 
542260.000000 526982.000000 0.000000 
542145.000000 528071.000000 0.000000 
541079.000000 529659.000000 0.000000 
538691.000000 530989.000000 0.000000 
538612.000000 531839.000000 0.000000 
536717.000000 532655.000000 0.000000 
536385.000000 532731.000000 0.000000 
536377.000000 533019.000000 0.000000 
536255.000000 533776.000000 0.000000 
535678.000000 534070.000000 0.000000 
534866.000000 535046.000000 0.000000 
534533.000000 535101.000000 0.000000 
534503.000000 535199.000000 0.000000 
533908.000000 535725.000000 0.000000 
533502.000000 535869.000000 0.000000 
532691.000000 538432.000000 0.000000 
530212.000000 538891.000000 0.000000 
529751.000000 539422.000000 0.000000 
529460.000000 539543.000000 0.000000 
529136.000000 539787.000000 0.000000 
528800.000000 539956.000000 0.000000 
528176.000000 540542.000000 0.000000 
527614.000000 541573.000000 0.000000 
525943.000000 541637.000000 0.000000 
525825.000000 541892.000000 0.000000 
525734.000000 542969.000000 0.000000 
525686.000000 543006.000000 0.000000 
524357.000000 543032.000000 0.000000 
524195.000000 543092.000000 0.000000 
523634.000000 543189.000000 0.000000 
523475.000000 544373.000000 0.000000 
522537.000000 544613.000000 0.000000 
522268.000000 545402.000000 0.000000 
521101.000000 545685.000000 0.000000 
520891.000000 545961.000000 0.000000 
520637.000000 546186.000000 0.000000 
520398.000000 546258.000000 0.000000 
520183.000000 546288.000000 0.000000 
519685.000000 547088.000000 0.000000 
519669.000000 547335.000000 0.000000 
519148.000000 547510.000000 0.000000 
519046.000000 547582.000000 0.000000 
517813.000000 549397.000000 0.000000 
517203.000000 549672.000000 0.000000 
516523.000000 549980.000000 0.000000 
516485.000000 550601.000000 0.000000 
515371.000000 551145.000000 0.000000 
515040.000000 551341.000000 0.000000 
513784.000000 552285.000000 0.000000 
513165.000000 553251.000000 0.000000 
512571.000000 553418.000000 0.000000 
511287.000000 556019.000000 0.000000 
509855.000000 556191.000000 0.000000 
509114.000000 557161.000000 0.000000 
507060.000000 558284.000000 0.000000 
506557.000000 559268.000000 0.000000 
505008.000000 559593.000000 0.000000 
504734.000000 561687.000000 0.000000 
502281.000000 563174.000000 0.000000 
500378.000000 564541.000000 0.000000 
499630.000000 565201.000000 0.000000 
499364.000000 565522.000000 0.000000 
497631.000000 566196.000000 0.000000 
496663.000000 566767.000000 0.000000 
495576.000000 567810.000000 0.000000 
494701.000000 568837.000000 0.000000 
492932.000000 570558.000000 0.000000 
491806.000000 570917.000000 0.000000 
491093.000000 571432.000000 0.000000 
490965.000000 572177.000000 0.000000 
489840.000000 572917.000000 0.000000 
487520.000000 572937.000000 0.000000 
487336.000000 574977.000000 0.000000 
486151.000000 575772.000000 0.000000 
484746.000000 576046.000000 0.000000 
484434.000000 576452.000000 0.000000 
483044.000000 577097.000000 0.000000 
482679.000000 577706.000000 0.000000 
481945.000000 578891.000000 0.000000 
481177.000000 578930.000000 0.000000 
480597.000000 578980.000000 0.000000 
480085.000000 579383.000000 0.000000 
480041.000000 579848.000000 0.000000 
478728.000000 581034.000000 0.000000 
477786.000000 581618.000000 0.000000 
476152.000000 582764.000000 0.000000 
475362.000000 583182.000000 0.000000 
474070.000000 583617.000000 0.000000 
473359.000000 584261.000000 0.000000 
473296.000000 584756.000000 0.000000 
471491.000000 585669.000000 0.000000 
470506.000000 586589.000000 0.000000 
468848.000000 587061.000000 0.000000 
467808.000000 587323.000000 0.000000 
467518.000000 587479.000000 0.000000 
467476.000000 588479.000000 0.000000 
465912.000000 588548.000000 0.000000 
465847.000000 588794.000000 0.000000 
465692.000000 588797.000000 0.000000 
465233.000000 589248.000000 0.000000 
464666.000000 589681.000000 0.000000 
464435.000000 589907.000000 0.000000 
464357.000000 590902.000000 0.000000 
463796.000000 591970.000000 0.000000 
463017.000000 592310.000000 0.000000 
460674.000000 592785.000000 0.000000 
460580.000000 593505.000000 0.000000 
459016.000000 594221.000000 0.000000 
458734.000000 594625.000000 0.000000 
457675.000000 594897.000000 0.000000 
456098.000000 595671.000000 0.000000 
455542.000000 595776.000000 0.000000 
454723.000000 596254.000000 0.000000 
454513.000000 597009.000000 0.000000 
454048.000000 597659.000000 0.000000 
452343.000000 599648.000000 0.000000 
449850.000000 600247.000000 0.000000 
448193.000000 600662.000000 0.000000 
448123.000000 601036.000000 0.000000 
447002.000000 601332.000000 0.000000 
446201.000000 601681.000000 0.000000 
444076.000000 602272.000000 0.000000 
444050.000000 603122.000000 0.000000 
443461.000000 604329.000000 0.000000 
441075.000000 604639.000000 0.000000 
440178.000000 605096.000000 0.000000 
439709.000000 605303.000000 0.000000 
439180.000000 606332.000000 0.000000 
438055.000000 606333.000000 0.000000 
437864.000000 606636.000000 0.000000 
437647.000000 607144.000000 0.000000 
436711.000000 607304.000000 0.000000 
435791.000000 607939.000000 0.000000 
435266.000000 608299.000000 0.000000 
434105.000000 608925.000000 0.000000 
432460.000000 609480.000000 0.000000 
432284.000000 610649.000000 0.000000 
430220.000000 610803.000000 0.000000 
428831.000000 611492.000000 0.000000 
428825.000000 611851.000000 0.000000 
427092.000000 612275.000000 0.000000 
426919.000000 612460.000000 0.000000 
426535.000000 613761.000000 0.000000 
423119.000000 615223.000000 0.000000 
422701.000000 615230.000000 0.000000 
421663.000000 615632.000000 0.000000 
419927.000000 615852.000000 0.000000 
419332.000000 617553.000000 0.000000 
417091.000000 619250.000000 0.000000 
412881.000000 619839.000000 0.000000 
411949.000000 620399.000000 0.000000 
408859.000000 622331.000000 0.000000 
408380.000000 622586.000000 0.000000 
404811.000000 622871.000000 0.000000 
404757.000000 623698.000000 0.000000 
404152.000000 624230.000000 0.000000 
401047.000000 624290.000000 0.000000 
400456.000000 625625.000000 0.000000 
398225.000000 625848.000000 0.000000 
397950.000000 626007.000000 0.000000 
395734.000000 627471.000000 0.000000 
393222.000000 627523.000000 0.000000 
392768.000000 628404.000000 0.000000 
391919.000000 629164.000000 0.000000 
388551.000000 629444.000000 0.000000 
388303.000000 629745.000000 0.000000 
386334.000000 630444.000000 0.000000 
386322.000000 630449.000000 0.000000 
385411.000000 630504.000000 0.000000 
385404.000000 630633.000000 0.000000 
385198.000000 631332.000000 0.000000 
383294.000000 631820.000000 0.000000 
383061.000000 632163.000000 0.000000 
382328.000000 632400.000000 0.000000 
380818.000000 632401.000000 0.000000 
380242.000000 632954.000000 0.000000 
378914.000000 633081.000000 0.000000 
378714.000000 634237.000000 0.000000 
377214.000000 634619.000000 0.000000 
375983.000000 635863.000000 0.000000 
371988.000000 636312.000000 0.000000 
370588.000000 636457.000000 0.000000 
369962.000000 637250.000000 0.000000 
369039.000000 637822.000000 0.000000 
363157.000000 638916.000000 0.000000 
356517.000000 640058.000000 0.000000 
356493.000000 640746.000000 0.000000 
352484.000000 642558.000000 0.000000 
348725.000000 642734.000000 0.000000 
347662.000000 642805.000000 0.000000 
347062.000000 643319.000000 0.000000 
345649.000000 643815.000000 0.000000 
344639.000000 643909.000000 0.000000 
340994.000000 644251.000000 0.000000 
340841.000000 644318.000000 0.000000 
340386.000000 645251.000000 0.000000 
339896.000000 646581.000000 0.000000 
334595.000000 647738.000000 0.000000 
329991.000000 647741.000000 0.000000 
329133.000000 648917.000000 0.000000 
328176.000000 649496.000000 0.000000 
321714.000000 650376.000000 0.000000 
321466.000000 650765.000000 0.000000 
317423.000000 652683.000000 0.000000 
307477.000000 653806.000000 0.000000 
305160.000000 654511.000000 0.000000 
300552.000000 654828.000000 0.000000 
298355.000000 655369.000000 0.000000 
296219.000000 655995.000000 0.000000 
295461.000000 656182.000000 0.000000 
291195.000000 656545.000000 0.000000 
290256.000000 656560.000000 0.000000 
286562.000000 657541.000000 0.000000 
284501.000000 657693.000000 0.000000 
281609.000000 657777.000000 0.000000 
281348.000000 658118.000000 0.000000 
279698.000000 658856.000000 0.000000 
279576.000000 658873.000000 0.000000 
276123.000000 659173.000000 0.000000 
274294.000000 659360.000000 0.000000 
273311.000000 659676.000000 0.000000 
271246.000000 660123.000000 0.000000 
269622.000000 661019.000000 0.000000 
266731.000000 662219.000000 0.000000 
262523.000000 662817.000000 0.000000 
261453.000000 662939.000000 0.000000 
261131.000000 663306.000000 0.000000 
260675.000000 664693.000000 0.000000 
257560.000000 665416.000000 0.000000 
252881.000000 665964.000000 0.000000 
247027.000000 666501.000000 0.000000 
242506.000000 666975.000000 0.000000 
242173.000000 667649.000000 0.000000 
238039.000000 667680.000000 0.000000 
237406.000000 668061.000000 0.000000 
236131.000000 668759.000000 0.000000 
235154.000000 668763.000000 0.000000 
231269.000000 669351.000000 0.000000 
226994.000000 669705.000000 0.000000 
226214.000000 670449.000000 0.000000 
224322.000000 670642.000000 0.000000 
224078.000000 670690.000000 0.000000 
221788.000000 670768.000000 0.000000 
221415.000000 670780.000000 0.000000 
220084.000000 670860.000000 0.000000 
220048.000000 670861.000000 0.000000 
219998.000000 671282.000000 0.000000 
219621.000000 671680.000000 0.000000 
218163.000000 672113.000000 0.000000 
216730.000000 672401.000000 0.000000 
211147.000000 672453.000000 0.000000 
211020.000000 672471.000000 0.000000 
209250.000000 673115.000000 0.000000 
206000.000000 673178.000000 0.000000 
204909.000000 673303.000000 0.000000 
204003.000000 673587.000000 0.000000 
203088.000000 673593.000000 0.000000 
201592.000000 673640.000000 0.000000 
199846.000000 674592.000000 0.000000 
199792.000000 674636.000000 0.000000 
199761.000000 674710.000000 0.000000 
198968.000000 674756.000000 0.000000 
197637.000000 674821.000000 0.000000 
197460.000000 674830.000000 0.000000 
196370.000000 674836.000000 0.000000 
196279.000000 674859.000000 0.000000 
196054.000000 675232.000000 0.000000 
191162.000000 675338.000000 0.000000 
191128.000000 675407.000000 0.000000 
191004.000000 675433.000000 0.000000 
190927.000000 675483.000000 0.000000 
189443.000000 675491.000000 0.000000 
173963.000000 675519.000000 0.000000 
173027.000000 675827.000000 0.000000 
172276.000000 675888.000000 0.000000 
172244.000000 675904.000000 0.000000 
171925.000000 675906.000000 0.000000 
171913.000000 675911.000000 0.000000 
