671416.000000 -147270.000000 0.000000 
671353.000000 -144459.000000 0.000000 
671352.000000 -144402.000000 0.000000 
671324.000000 -144314.000000 0.000000 
671295.000000 -141737.000000 0.000000 
671244.000000 -141432.000000 0.000000 
670933.000000 -123271.000000 0.000000 
670858.000000 -123234.000000 0.000000 
670854.000000 -123140.000000 0.000000 
670433.000000 -122699.000000 0.000000 
670340.000000 -122447.000000 0.000000 
670328.000000 -121636.000000 0.000000 
670226.000000 -120425.000000 0.000000 
670209.000000 -115603.000000 0.000000 
670176.000000 -115546.000000 0.000000 
669873.000000 -110755.000000 0.000000 
669871.000000 -110627.000000 0.000000 
669792.000000 -107884.000000 0.000000 
669787.000000 -107864.000000 0.000000 
669782.000000 -107799.000000 0.000000 
669773.000000 -107761.000000 0.000000 
669712.000000 -107750.000000 0.000000 
669710.000000 -107667.000000 0.000000 
669664.000000 -106165.000000 0.000000 
669492.000000 -106135.000000 0.000000 
669470.000000 -105444.000000 0.000000 
669433.000000 -105266.000000 0.000000 
669365.000000 -105253.000000 0.000000 
669298.000000 -104455.000000 0.000000 
669174.000000 -104311.000000 0.000000 
669162.000000 -99520.000000 0.000000 
668802.000000 -98326.000000 0.000000 
668494.000000 -97865.000000 0.000000 
667630.000000 -96882.000000 0.000000 
667400.000000 -96237.000000 0.000000 
667135.000000 -92951.000000 0.000000 
665844.000000 -81301.000000 0.000000 
664672.000000 -79666.000000 0.000000 
662845.000000 -75192.000000 0.000000 
662771.000000 -70838.000000 0.000000 
662007.000000 -68830.000000 0.000000 
661422.000000 -68352.000000 0.000000 
659808.000000 -63253.000000 0.000000 
659046.000000 -61628.000000 0.000000 
658921.000000 -57509.000000 0.000000 
658494.000000 -57255.000000 0.000000 
657407.000000 -56299.000000 0.000000 
656121.000000 -54491.000000 0.000000 
655817.000000 -52509.000000 0.000000 
655550.000000 -47199.000000 0.000000 
655056.000000 -40650.000000 0.000000 
654861.000000 -40557.000000 0.000000 
652745.000000 -40136.000000 0.000000 
652347.000000 -30930.000000 0.000000 
651902.000000 -25105.000000 0.000000 
651674.000000 -23811.000000 0.000000 
649332.000000 -18747.000000 0.000000 
649286.000000 -15541.000000 0.000000 
648753.000000 -14250.000000 0.000000 
648628.000000 -14104.000000 0.000000 
648187.000000 -10271.000000 0.000000 
646532.000000 -9896.000000 0.000000 
646136.000000 -3463.000000 0.000000 
645529.000000 -280.000000 0.000000 
645009.000000 3920.000000 0.000000 
644821.000000 5767.000000 0.000000 
643525.000000 8758.000000 0.000000 
643051.000000 11972.000000 0.000000 
642145.000000 13445.000000 0.000000 
642082.000000 19117.000000 0.000000 
640670.000000 23992.000000 0.000000 
640308.000000 27253.000000 0.000000 
639701.000000 28159.000000 0.000000 
637850.000000 34269.000000 0.000000 
637516.000000 38944.000000 0.000000 
635022.000000 41769.000000 0.000000 
633800.000000 48693.000000 0.000000 
633718.000000 49135.000000 0.000000 
633398.000000 51454.000000 0.000000 
633358.000000 51947.000000 0.000000 
632465.000000 52456.000000 0.000000 
631958.000000 52753.000000 0.000000 
631814.000000 54447.000000 0.000000 
631554.000000 58714.000000 0.000000 
630832.000000 66702.000000 0.000000 
629502.000000 67637.000000 0.000000 
628945.000000 72653.000000 0.000000 
628298.000000 73783.000000 0.000000 
627117.000000 75275.000000 0.000000 
626171.000000 76078.000000 0.000000 
625776.000000 80807.000000 0.000000 
625059.000000 83078.000000 0.000000 
624113.000000 87107.000000 0.000000 
622503.000000 90264.000000 0.000000 
622354.000000 90882.000000 0.000000 
621599.000000 91525.000000 0.000000 
620908.000000 93540.000000 0.000000 
620020.000000 102561.000000 0.000000 
619321.000000 102926.000000 0.000000 
618206.000000 104006.000000 0.000000 
617173.000000 111277.000000 0.000000 
616560.000000 119334.000000 0.000000 
614796.000000 120568.000000 0.000000 
614596.000000 123067.000000 0.000000 
611462.000000 127507.000000 0.000000 
611369.000000 129635.000000 0.000000 
611359.000000 129713.000000 0.000000 
610546.000000 131475.000000 0.000000 
610144.000000 134506.000000 0.000000 
608451.000000 135413.000000 0.000000 
607841.000000 137332.000000 0.000000 
606951.000000 137576.000000 0.000000 
606937.000000 137624.000000 0.000000 
606621.000000 138288.000000 0.000000 
606424.000000 142977.000000 0.000000 
606266.000000 144669.000000 0.000000 
605822.000000 144803.000000 0.000000 
605371.000000 145088.000000 0.000000 
603155.000000 147131.000000 0.000000 
603104.000000 149632.000000 0.000000 
602510.000000 154112.000000 0.000000 
600111.000000 154375.000000 0.000000 
599705.000000 157814.000000 0.000000 
598581.000000 159293.000000 0.000000 
597527.000000 159823.000000 0.000000 
596869.000000 161443.000000 0.000000 
596835.000000 164083.000000 0.000000 
595954.000000 165425.000000 0.000000 
595924.000000 167018.000000 0.000000 
595601.000000 167531.000000 0.000000 
595418.000000 168152.000000 0.000000 
594059.000000 169124.000000 0.000000 
593828.000000 170125.000000 0.000000 
593142.000000 172056.000000 0.000000 
593048.000000 172648.000000 0.000000 
592267.000000 172717.000000 0.000000 
591804.000000 173918.000000 0.000000 
591245.000000 177227.000000 0.000000 
591203.000000 178571.000000 0.000000 
590487.000000 179039.000000 0.000000 
589195.000000 182474.000000 0.000000 
588880.000000 182730.000000 0.000000 
587582.000000 184082.000000 0.000000 
587447.000000 184544.000000 0.000000 
587322.000000 185589.000000 0.000000 
585790.000000 189112.000000 0.000000 
584587.000000 190279.000000 0.000000 
583935.000000 190852.000000 0.000000 
583641.000000 191709.000000 0.000000 
582595.000000 194243.000000 0.000000 
582173.000000 195304.000000 0.000000 
582003.000000 195604.000000 0.000000 
580307.000000 196638.000000 0.000000 
579796.000000 198411.000000 0.000000 
579589.000000 198490.000000 0.000000 
579456.000000 199900.000000 0.000000 
579200.000000 200025.000000 0.000000 
578779.000000 200035.000000 0.000000 
578610.000000 200391.000000 0.000000 
578466.000000 200521.000000 0.000000 
578059.000000 201359.000000 0.000000 
578010.000000 202094.000000 0.000000 
576883.000000 204942.000000 0.000000 
576778.000000 206161.000000 0.000000 
575722.000000 206805.000000 0.000000 
574609.000000 207983.000000 0.000000 
574346.000000 208676.000000 0.000000 
574001.000000 210122.000000 0.000000 
573489.000000 210283.000000 0.000000 
573321.000000 212529.000000 0.000000 
571732.000000 212687.000000 0.000000 
571660.000000 213080.000000 0.000000 
571656.000000 213699.000000 0.000000 
571164.000000 215208.000000 0.000000 
571024.000000 215440.000000 0.000000 
570580.000000 215752.000000 0.000000 
570291.000000 218153.000000 0.000000 
569177.000000 218905.000000 0.000000 
568989.000000 218931.000000 0.000000 
568269.000000 218972.000000 0.000000 
568160.000000 220308.000000 0.000000 
567960.000000 221496.000000 0.000000 
567327.000000 224310.000000 0.000000 
566544.000000 225253.000000 0.000000 
565743.000000 226267.000000 0.000000 
564515.000000 227677.000000 0.000000 
564487.000000 228914.000000 0.000000 
564092.000000 229641.000000 0.000000 
563584.000000 230273.000000 0.000000 
562465.000000 231426.000000 0.000000 
562395.000000 231552.000000 0.000000 
562249.000000 232416.000000 0.000000 
561592.000000 233942.000000 0.000000 
560950.000000 234970.000000 0.000000 
560633.000000 236210.000000 0.000000 
559739.000000 236986.000000 0.000000 
559595.000000 237989.000000 0.000000 
558478.000000 238209.000000 0.000000 
558033.000000 240263.000000 0.000000 
557250.000000 241216.000000 0.000000 
556623.000000 241835.000000 0.000000 
555619.000000 242566.000000 0.000000 
555394.000000 242863.000000 0.000000 
555206.000000 242887.000000 0.000000 
555082.000000 243170.000000 0.000000 
554912.000000 245904.000000 0.000000 
553670.000000 246798.000000 0.000000 
553049.000000 247784.000000 0.000000 
552978.000000 247943.000000 0.000000 
552667.000000 248200.000000 0.000000 
552052.000000 248516.000000 0.000000 
551834.000000 249613.000000 0.000000 
551483.000000 249976.000000 0.000000 
551460.000000 251299.000000 0.000000 
551395.000000 252659.000000 0.000000 
549366.000000 253137.000000 0.000000 
548845.000000 254325.000000 0.000000 
548244.000000 254791.000000 0.000000 
547863.000000 255740.000000 0.000000 
547583.000000 255916.000000 0.000000 
547464.000000 256781.000000 0.000000 
547349.000000 260353.000000 0.000000 
546004.000000 260485.000000 0.000000 
545470.000000 261467.000000 0.000000 
544074.000000 262456.000000 0.000000 
543902.000000 264072.000000 0.000000 
542482.000000 264355.000000 0.000000 
542369.000000 264770.000000 0.000000 
542003.000000 265181.000000 0.000000 
541864.000000 265294.000000 0.000000 
541788.000000 266318.000000 0.000000 
541494.000000 266568.000000 0.000000 
541434.000000 267769.000000 0.000000 
540514.000000 268892.000000 0.000000 
540395.000000 268979.000000 0.000000 
540072.000000 269029.000000 0.000000 
539912.000000 269548.000000 0.000000 
539761.000000 269973.000000 0.000000 
539048.000000 270096.000000 0.000000 
538906.000000 270797.000000 0.000000 
538453.000000 275826.000000 0.000000 
535923.000000 276312.000000 0.000000 
535622.000000 277357.000000 0.000000 
535365.000000 280081.000000 0.000000 
532832.000000 283489.000000 0.000000 
531936.000000 284447.000000 0.000000 
530624.000000 285056.000000 0.000000 
529703.000000 285144.000000 0.000000 
529652.000000 285403.000000 0.000000 
529604.000000 288574.000000 0.000000 
527843.000000 289567.000000 0.000000 
527421.000000 289965.000000 0.000000 
526950.000000 291561.000000 0.000000 
526763.000000 292464.000000 0.000000 
526534.000000 292891.000000 0.000000 
524711.000000 293322.000000 0.000000 
524350.000000 293955.000000 0.000000 
524218.000000 294401.000000 0.000000 
523838.000000 295262.000000 0.000000 
523481.000000 295425.000000 0.000000 
523358.000000 297160.000000 0.000000 
521930.000000 299417.000000 0.000000 
521683.000000 299731.000000 0.000000 
521001.000000 300506.000000 0.000000 
519482.000000 301029.000000 0.000000 
519409.000000 301048.000000 0.000000 
519313.000000 302286.000000 0.000000 
518397.000000 303732.000000 0.000000 
517994.000000 303966.000000 0.000000 
517417.000000 304085.000000 0.000000 
517241.000000 305732.000000 0.000000 
516111.000000 305994.000000 0.000000 
515796.000000 308891.000000 0.000000 
515595.000000 308963.000000 0.000000 
514085.000000 308971.000000 0.000000 
514037.000000 309462.000000 0.000000 
513166.000000 309762.000000 0.000000 
513067.000000 310582.000000 0.000000 
513003.000000 314269.000000 0.000000 
509872.000000 314621.000000 0.000000 
509684.000000 316888.000000 0.000000 
507546.000000 317685.000000 0.000000 
507290.000000 321579.000000 0.000000 
504457.000000 321840.000000 0.000000 
503876.000000 323924.000000 0.000000 
503166.000000 324147.000000 0.000000 
502825.000000 324322.000000 0.000000 
502655.000000 324346.000000 0.000000 
502065.000000 324930.000000 0.000000 
501187.000000 327405.000000 0.000000 
501156.000000 327488.000000 0.000000 
500991.000000 327650.000000 0.000000 
500883.000000 328793.000000 0.000000 
498332.000000 329429.000000 0.000000 
498291.000000 331711.000000 0.000000 
497216.000000 332496.000000 0.000000 
495368.000000 334900.000000 0.000000 
495314.000000 336552.000000 0.000000 
492641.000000 339785.000000 0.000000 
490864.000000 340409.000000 0.000000 
489704.000000 340643.000000 0.000000 
489615.000000 340795.000000 0.000000 
489488.000000 343486.000000 0.000000 
488781.000000 343732.000000 0.000000 
486657.000000 347224.000000 0.000000 
484208.000000 347853.000000 0.000000 
483694.000000 349689.000000 0.000000 
483611.000000 350196.000000 0.000000 
481853.000000 351144.000000 0.000000 
481047.000000 351195.000000 0.000000 
480516.000000 354176.000000 0.000000 
479786.000000 354633.000000 0.000000 
477565.000000 357621.000000 0.000000 
475731.000000 358562.000000 0.000000 
475083.000000 358972.000000 0.000000 
474917.000000 361219.000000 0.000000 
473326.000000 361243.000000 0.000000 
472409.000000 362077.000000 0.000000 
471762.000000 362263.000000 0.000000 
471518.000000 363773.000000 0.000000 
470915.000000 364064.000000 0.000000 
470559.000000 364961.000000 0.000000 
469379.000000 365055.000000 0.000000 
469068.000000 365500.000000 0.000000 
468756.000000 366736.000000 0.000000 
468137.000000 367321.000000 0.000000 
467342.000000 367886.000000 0.000000 
467002.000000 368462.000000 0.000000 
466455.000000 368502.000000 0.000000 
466348.000000 368973.000000 0.000000 
465149.000000 370934.000000 0.000000 
464823.000000 370982.000000 0.000000 
464372.000000 371128.000000 0.000000 
464241.000000 372248.000000 0.000000 
463184.000000 372453.000000 0.000000 
462413.000000 372561.000000 0.000000 
462232.000000 373775.000000 0.000000 
461733.000000 375143.000000 0.000000 
460107.000000 375380.000000 0.000000 
459684.000000 377745.000000 0.000000 
458165.000000 378398.000000 0.000000 
457756.000000 378561.000000 0.000000 
457676.000000 378828.000000 0.000000 
455940.000000 379906.000000 0.000000 
455771.000000 381228.000000 0.000000 
454098.000000 381234.000000 0.000000 
453695.000000 381323.000000 0.000000 
453527.000000 381802.000000 0.000000 
453446.000000 381867.000000 0.000000 
453423.000000 383698.000000 0.000000 
453209.000000 383991.000000 0.000000 
451805.000000 384731.000000 0.000000 
451492.000000 384823.000000 0.000000 
451263.000000 384996.000000 0.000000 
450645.000000 385470.000000 0.000000 
449872.000000 387099.000000 0.000000 
448762.000000 387792.000000 0.000000 
448183.000000 388207.000000 0.000000 
447528.000000 390752.000000 0.000000 
445650.000000 391942.000000 0.000000 
444379.000000 392070.000000 0.000000 
444205.000000 392117.000000 0.000000 
444140.000000 392351.000000 0.000000 
443475.000000 393437.000000 0.000000 
443359.000000 393918.000000 0.000000 
442743.000000 394034.000000 0.000000 
441557.000000 395265.000000 0.000000 
441108.000000 395931.000000 0.000000 
440245.000000 396052.000000 0.000000 
440147.000000 396753.000000 0.000000 
439471.000000 397272.000000 0.000000 
438596.000000 397675.000000 0.000000 
438151.000000 397865.000000 0.000000 
438078.000000 398110.000000 0.000000 
438006.000000 399936.000000 0.000000 
436867.000000 399988.000000 0.000000 
436024.000000 401659.000000 0.000000 
435613.000000 401783.000000 0.000000 
434965.000000 402548.000000 0.000000 
434760.000000 402593.000000 0.000000 
434609.000000 402757.000000 0.000000 
433866.000000 402850.000000 0.000000 
433835.000000 403234.000000 0.000000 
432490.000000 404388.000000 0.000000 
432423.000000 404473.000000 0.000000 
432341.000000 405383.000000 0.000000 
431814.000000 406169.000000 0.000000 
431746.000000 406237.000000 0.000000 
430868.000000 406474.000000 0.000000 
430215.000000 407066.000000 0.000000 
429944.000000 408037.000000 0.000000 
429792.000000 409127.000000 0.000000 
427369.000000 409833.000000 0.000000 
427016.000000 410085.000000 0.000000 
426991.000000 411169.000000 0.000000 
426034.000000 412487.000000 0.000000 
425157.000000 412986.000000 0.000000 
424952.000000 413111.000000 0.000000 
423425.000000 413907.000000 0.000000 
423286.000000 414443.000000 0.000000 
422982.000000 414493.000000 0.000000 
422677.000000 414885.000000 0.000000 
422380.000000 416029.000000 0.000000 
421967.000000 416111.000000 0.000000 
420951.000000 417553.000000 0.000000 
420931.000000 417671.000000 0.000000 
419912.000000 417991.000000 0.000000 
419657.000000 418220.000000 0.000000 
419649.000000 418565.000000 0.000000 
419634.000000 419278.000000 0.000000 
417885.000000 420593.000000 0.000000 
417429.000000 421049.000000 0.000000 
416391.000000 421129.000000 0.000000 
416135.000000 421450.000000 0.000000 
415582.000000 421578.000000 0.000000 
415155.000000 421948.000000 0.000000 
414930.000000 422429.000000 0.000000 
414800.000000 423108.000000 0.000000 
414365.000000 423876.000000 0.000000 
414009.000000 424184.000000 0.000000 
413201.000000 424226.000000 0.000000 
412846.000000 424551.000000 0.000000 
412394.000000 424765.000000 0.000000 
412074.000000 425171.000000 0.000000 
412020.000000 425381.000000 0.000000 
411997.000000 426213.000000 0.000000 
411069.000000 426598.000000 0.000000 
410951.000000 426895.000000 0.000000 
410768.000000 428198.000000 0.000000 
409530.000000 428259.000000 0.000000 
408908.000000 428477.000000 0.000000 
408900.000000 430173.000000 0.000000 
408211.000000 431001.000000 0.000000 
406990.000000 431248.000000 0.000000 
406553.000000 431287.000000 0.000000 
406528.000000 431309.000000 0.000000 
406180.000000 431377.000000 0.000000 
405914.000000 431855.000000 0.000000 
405809.000000 432248.000000 0.000000 
405558.000000 432766.000000 0.000000 
404361.000000 432988.000000 0.000000 
404267.000000 433073.000000 0.000000 
404169.000000 434293.000000 0.000000 
403911.000000 434303.000000 0.000000 
402603.000000 435052.000000 0.000000 
401618.000000 435523.000000 0.000000 
401599.000000 436322.000000 0.000000 
400630.000000 436486.000000 0.000000 
400012.000000 436951.000000 0.000000 
399888.000000 437974.000000 0.000000 
399612.000000 440890.000000 0.000000 
396610.000000 441865.000000 0.000000 
395323.000000 442608.000000 0.000000 
394182.000000 443155.000000 0.000000 
394144.000000 443595.000000 0.000000 
393761.000000 443788.000000 0.000000 
393559.000000 444807.000000 0.000000 
393054.000000 445361.000000 0.000000 
392844.000000 445579.000000 0.000000 
391718.000000 445587.000000 0.000000 
391621.000000 445792.000000 0.000000 
391073.000000 445828.000000 0.000000 
391072.000000 445898.000000 0.000000 
390979.000000 446482.000000 0.000000 
390817.000000 447049.000000 0.000000 
390639.000000 447253.000000 0.000000 
390549.000000 447373.000000 0.000000 
390313.000000 447645.000000 0.000000 
388980.000000 449214.000000 0.000000 
388205.000000 450137.000000 0.000000 
386617.000000 450488.000000 0.000000 
386498.000000 450753.000000 0.000000 
386239.000000 451485.000000 0.000000 
385570.000000 452290.000000 0.000000 
384936.000000 452765.000000 0.000000 
383586.000000 453369.000000 0.000000 
383534.000000 453446.000000 0.000000 
383099.000000 454300.000000 0.000000 
382150.000000 454405.000000 0.000000 
381863.000000 454955.000000 0.000000 
381538.000000 455562.000000 0.000000 
380998.000000 455980.000000 0.000000 
380822.000000 456565.000000 0.000000 
380398.000000 456704.000000 0.000000 
379793.000000 457136.000000 0.000000 
379667.000000 457187.000000 0.000000 
379443.000000 457520.000000 0.000000 
378328.000000 457895.000000 0.000000 
377627.000000 460365.000000 0.000000 
376961.000000 460679.000000 0.000000 
376351.000000 461378.000000 0.000000 
374218.000000 461852.000000 0.000000 
373914.000000 462982.000000 0.000000 
373233.000000 463970.000000 0.000000 
372088.000000 464080.000000 0.000000 
371553.000000 464167.000000 0.000000 
371508.000000 464208.000000 0.000000 
371408.000000 465811.000000 0.000000 
370083.000000 465921.000000 0.000000 
369169.000000 466731.000000 0.000000 
369145.000000 467441.000000 0.000000 
368890.000000 467837.000000 0.000000 
367772.000000 468491.000000 0.000000 
366358.000000 468523.000000 0.000000 
366326.000000 468677.000000 0.000000 
365411.000000 469325.000000 0.000000 
365007.000000 470324.000000 0.000000 
363860.000000 471356.000000 0.000000 
363393.000000 471660.000000 0.000000 
362227.000000 473156.000000 0.000000 
361942.000000 473676.000000 0.000000 
361065.000000 474065.000000 0.000000 
359718.000000 475059.000000 0.000000 
359308.000000 475760.000000 0.000000 
357933.000000 476169.000000 0.000000 
357679.000000 476609.000000 0.000000 
357228.000000 477863.000000 0.000000 
355037.000000 478605.000000 0.000000 
354846.000000 479970.000000 0.000000 
352703.000000 481341.000000 0.000000 
352477.000000 481540.000000 0.000000 
352257.000000 481962.000000 0.000000 
351203.000000 482325.000000 0.000000 
350545.000000 482784.000000 0.000000 
350371.000000 482852.000000 0.000000 
350214.000000 483734.000000 0.000000 
349847.000000 484350.000000 0.000000 
348411.000000 484806.000000 0.000000 
347636.000000 485214.000000 0.000000 
347421.000000 485475.000000 0.000000 
347347.000000 485515.000000 0.000000 
345794.000000 486141.000000 0.000000 
345486.000000 487094.000000 0.000000 
344663.000000 487676.000000 0.000000 
343979.000000 488182.000000 0.000000 
343688.000000 488253.000000 0.000000 
343021.000000 488430.000000 0.000000 
342288.000000 488778.000000 0.000000 
342067.000000 489794.000000 0.000000 
341989.000000 490861.000000 0.000000 
340567.000000 492088.000000 0.000000 
339385.000000 492159.000000 0.000000 
338851.000000 493566.000000 0.000000 
337505.000000 494312.000000 0.000000 
335895.000000 495670.000000 0.000000 
334201.000000 496075.000000 0.000000 
334143.000000 497181.000000 0.000000 
331859.000000 497232.000000 0.000000 
331568.000000 497882.000000 0.000000 
331194.000000 499102.000000 0.000000 
330538.000000 499556.000000 0.000000 
329755.000000 499593.000000 0.000000 
329202.000000 499814.000000 0.000000 
329088.000000 499989.000000 0.000000 
328239.000000 501366.000000 0.000000 
327546.000000 501686.000000 0.000000 
326249.000000 501936.000000 0.000000 
325058.000000 502906.000000 0.000000 
324724.000000 504131.000000 0.000000 
323407.000000 504683.000000 0.000000 
323267.000000 504932.000000 0.000000 
321638.000000 505744.000000 0.000000 
321415.000000 506143.000000 0.000000 
320381.000000 506374.000000 0.000000 
319909.000000 507392.000000 0.000000 
318084.000000 508164.000000 0.000000 
318055.000000 508237.000000 0.000000 
317857.000000 508643.000000 0.000000 
316753.000000 509017.000000 0.000000 
316610.000000 509523.000000 0.000000 
316269.000000 510089.000000 0.000000 
316096.000000 510129.000000 0.000000 
316089.000000 510479.000000 0.000000 
315036.000000 510803.000000 0.000000 
314410.000000 511868.000000 0.000000 
313158.000000 512755.000000 0.000000 
311130.000000 513005.000000 0.000000 
310206.000000 514993.000000 0.000000 
308845.000000 515289.000000 0.000000 
308508.000000 515807.000000 0.000000 
307589.000000 516141.000000 0.000000 
306236.000000 517508.000000 0.000000 
304940.000000 518112.000000 0.000000 
303317.000000 519113.000000 0.000000 
303073.000000 520445.000000 0.000000 
301865.000000 520737.000000 0.000000 
301213.000000 520801.000000 0.000000 
300999.000000 521116.000000 0.000000 
300526.000000 522152.000000 0.000000 
298380.000000 522341.000000 0.000000 
297837.000000 523371.000000 0.000000 
297248.000000 523542.000000 0.000000 
296753.000000 523607.000000 0.000000 
295848.000000 524980.000000 0.000000 
294645.000000 526984.000000 0.000000 
291451.000000 527434.000000 0.000000 
291360.000000 528022.000000 0.000000 
289810.000000 528875.000000 0.000000 
289443.000000 531783.000000 0.000000 
286222.000000 532336.000000 0.000000 
284614.000000 534719.000000 0.000000 
282086.000000 535227.000000 0.000000 
279577.000000 536374.000000 0.000000 
277180.000000 537515.000000 0.000000 
274521.000000 539019.000000 0.000000 
273648.000000 540519.000000 0.000000 
269625.000000 540660.000000 0.000000 
269586.000000 543780.000000 0.000000 
266024.000000 544739.000000 0.000000 
263856.000000 546018.000000 0.000000 
263510.000000 546392.000000 0.000000 
262529.000000 548296.000000 0.000000 
258121.000000 548745.000000 0.000000 
257316.000000 549969.000000 0.000000 
255766.000000 550428.000000 0.000000 
253499.000000 551081.000000 0.000000 
252763.000000 551281.000000 0.000000 
252725.000000 552681.000000 0.000000 
250455.000000 553254.000000 0.000000 
249112.000000 554004.000000 0.000000 
247753.000000 554049.000000 0.000000 
247307.000000 554171.000000 0.000000 
247022.000000 554718.000000 0.000000 
245835.000000 556451.000000 0.000000 
241208.000000 557055.000000 0.000000 
241087.000000 557557.000000 0.000000 
240400.000000 558655.000000 0.000000 
240326.000000 559092.000000 0.000000 
238778.000000 559799.000000 0.000000 
237646.000000 559825.000000 0.000000 
236771.000000 561779.000000 0.000000 
236760.000000 562455.000000 0.000000 
233903.000000 564025.000000 0.000000 
231024.000000 564707.000000 0.000000 
229943.000000 565047.000000 0.000000 
226833.000000 565405.000000 0.000000 
226762.000000 566137.000000 0.000000 
226479.000000 567794.000000 0.000000 
226353.000000 568187.000000 0.000000 
222101.000000 569078.000000 0.000000 
221921.000000 570879.000000 0.000000 
217832.000000 572355.000000 0.000000 
214540.000000 573348.000000 0.000000 
210795.000000 573426.000000 0.000000 
210696.000000 574799.000000 0.000000 
210131.000000 576137.000000 0.000000 
206213.000000 579270.000000 0.000000 
199632.000000 581702.000000 0.000000 
192029.000000 583823.000000 0.000000 
191344.000000 584632.000000 0.000000 
188058.000000 584634.000000 0.000000 
185334.000000 586862.000000 0.000000 
183110.000000 587404.000000 0.000000 
178455.000000 587759.000000 0.000000 
177945.000000 589388.000000 0.000000 
177416.000000 589405.000000 0.000000 
175243.000000 590243.000000 0.000000 
174656.000000 593115.000000 0.000000 
166675.000000 595224.000000 0.000000 
160732.000000 599054.000000 0.000000 
150586.000000 600558.000000 0.000000 
148428.000000 600709.000000 0.000000 
148409.000000 601818.000000 0.000000 
143400.000000 602533.000000 0.000000 
142551.000000 603036.000000 0.000000 
140603.000000 604050.000000 0.000000 
140429.000000 604733.000000 0.000000 
137076.000000 606267.000000 0.000000 
132206.000000 606319.000000 0.000000 
128838.000000 608810.000000 0.000000 
119674.000000 609012.000000 0.000000 
119387.000000 611204.000000 0.000000 
115897.000000 611632.000000 0.000000 
110250.000000 611644.000000 0.000000 
109925.000000 612176.000000 0.000000 
109834.000000 613213.000000 0.000000 
109611.000000 614083.000000 0.000000 
109493.000000 614208.000000 0.000000 
108125.000000 614314.000000 0.000000 
107004.000000 614808.000000 0.000000 
104696.000000 616157.000000 0.000000 
102161.000000 616642.000000 0.000000 
100915.000000 616971.000000 0.000000 
97875.000000 617232.000000 0.000000 
97779.000000 617638.000000 0.000000 
93356.000000 618318.000000 0.000000 
92929.000000 619410.000000 0.000000 
87916.000000 620175.000000 0.000000 
87851.000000 620213.000000 0.000000 
81865.000000 621634.000000 0.000000 
78887.000000 622909.000000 0.000000 
75035.000000 625210.000000 0.000000 
69003.000000 625896.000000 0.000000 
67393.000000 628252.000000 0.000000 
55708.000000 631013.000000 0.000000 
43020.000000 633252.000000 0.000000 
34889.000000 634017.000000 0.000000 
34326.000000 634101.000000 0.000000 
34231.000000 636666.000000 0.000000 
25540.000000 637478.000000 0.000000 
23389.000000 639523.000000 0.000000 
15660.000000 640330.000000 0.000000 
8082.000000 642077.000000 0.000000 
-440.000000 644824.000000 0.000000 
-15004.000000 645378.000000 0.000000 
-20584.000000 645447.000000 0.000000 
-20634.000000 647916.000000 0.000000 
-31853.000000 648259.000000 0.000000 
-37315.000000 648645.000000 0.000000 
-39744.000000 650679.000000 0.000000 
-49201.000000 651995.000000 0.000000 
-50149.000000 652507.000000 0.000000 
-51028.000000 654072.000000 0.000000 
-61323.000000 654716.000000 0.000000 
-65113.000000 656431.000000 0.000000 
-66646.000000 657207.000000 0.000000 
-76408.000000 658596.000000 0.000000 
-79328.000000 659805.000000 0.000000 
-80153.000000 660183.000000 0.000000 
-88668.000000 662113.000000 0.000000 
-94234.000000 662695.000000 0.000000 
-97886.000000 663155.000000 0.000000 
-98576.000000 664496.000000 0.000000 
-103727.000000 664538.000000 0.000000 
-105248.000000 665221.000000 0.000000 
-107806.000000 665324.000000 0.000000 
-110570.000000 665360.000000 0.000000 
-111379.000000 665473.000000 0.000000 
-111383.000000 667061.000000 0.000000 
-111787.000000 667705.000000 0.000000 
-114583.000000 667726.000000 0.000000 
-116987.000000 668152.000000 0.000000 
-120346.000000 668267.000000 0.000000 
-123308.000000 668325.000000 0.000000 
-123531.000000 668504.000000 0.000000 
-124345.000000 670243.000000 0.000000 
-127734.000000 670669.000000 0.000000 
-128973.000000 671090.000000 0.000000 
-129322.000000 671535.000000 0.000000 
-131494.000000 671820.000000 0.000000 
-132228.000000 672282.000000 0.000000 
-133758.000000 672366.000000 0.000000 
-135448.000000 672744.000000 0.000000 
-140934.000000 672807.000000 0.000000 
-141082.000000 672892.000000 0.000000 
-141953.000000 672956.000000 0.000000 
-141964.000000 673029.000000 0.000000 
-143319.000000 673100.000000 0.000000 
-144325.000000 674175.000000 0.000000 
-144548.000000 674186.000000 0.000000 
-144980.000000 674244.000000 0.000000 
-145572.000000 674665.000000 0.000000 
-145621.000000 674738.000000 0.000000 
-146996.000000 674796.000000 0.000000 
-147813.000000 674799.000000 0.000000 
-156990.000000 674881.000000 0.000000 
-157025.000000 674908.000000 0.000000 
-159273.000000 674913.000000 0.000000 
-164961.000000 675362.000000 0.000000 
-172098.000000 675468.000000 0.000000 
-172236.000000 675529.000000 0.000000 
-174204.000000 675706.000000 0.000000 
-174456.000000 675764.000000 0.000000 
-174751.000000 675895.000000 0.000000 
-174769.000000 675959.000000 0.000000 
-176678.000000 676049.000000 0.000000 
-177138.000000 676122.000000 0.000000 
-178157.000000 676185.000000 0.000000 
-178932.000000 676406.000000 0.000000 
-179249.000000 676499.000000 0.000000 
-179376.000000 676524.000000 0.000000 
-179671.000000 676595.000000 0.000000 
-179883.000000 676596.000000 0.000000 
-179948.000000 676651.000000 0.000000 
-181061.000000 676751.000000 0.000000 
-183549.000000 676766.000000 0.000000 
-183602.000000 676781.000000 0.000000 
-183626.000000 676783.000000 0.000000 
