667410.000000 -306541.000000 0.000000 
667398.000000 -306076.000000 0.000000 
667386.000000 -306030.000000 0.000000 
667366.000000 -304650.000000 0.000000 
667182.000000 -304051.000000 0.000000 
667115.000000 -299999.000000 0.000000 
667070.000000 -299915.000000 0.000000 
667040.000000 -299768.000000 0.000000 
666966.000000 -298116.000000 0.000000 
666894.000000 -296946.000000 0.000000 
666893.000000 -296098.000000 0.000000 
666403.000000 -294961.000000 0.000000 
666085.000000 -293455.000000 0.000000 
665926.000000 -292458.000000 0.000000 
665907.000000 -292007.000000 0.000000 
665846.000000 -290866.000000 0.000000 
663842.000000 -288530.000000 0.000000 
663741.000000 -282385.000000 0.000000 
662633.000000 -275391.000000 0.000000 
660833.000000 -274335.000000 0.000000 
660711.000000 -273044.000000 0.000000 
660221.000000 -269574.000000 0.000000 
659947.000000 -264241.000000 0.000000 
657689.000000 -263373.000000 0.000000 
657141.000000 -258270.000000 0.000000 
656238.000000 -258164.000000 0.000000 
655480.000000 -252984.000000 0.000000 
655338.000000 -250231.000000 0.000000 
655211.000000 -246339.000000 0.000000 
652001.000000 -240194.000000 0.000000 
651182.000000 -239687.000000 0.000000 
651102.000000 -235603.000000 0.000000 
650953.000000 -234585.000000 0.000000 
650596.000000 -228116.000000 0.000000 
647279.000000 -227802.000000 0.000000 
647036.000000 -227164.000000 0.000000 
646923.000000 -226579.000000 0.000000 
646472.000000 -220895.000000 0.000000 
646394.000000 -210635.000000 0.000000 
642532.000000 -192032.000000 0.000000 
638247.000000 -188749.000000 0.000000 
634371.000000 -182578.000000 0.000000 
634141.000000 -173731.000000 0.000000 
633567.000000 -173713.000000 0.000000 
633536.000000 -172134.000000 0.000000 
631679.000000 -167356.000000 0.000000 
630109.000000 -165732.000000 0.000000 
630012.000000 -158393.000000 0.000000 
627327.000000 -158097.000000 0.000000 
625853.000000 -145526.000000 0.000000 
625738.000000 -144812.000000 0.000000 
622349.000000 -128840.000000 0.000000 
617942.000000 -123407.000000 0.000000 
617669.000000 -120171.000000 0.000000 
617303.000000 -118394.000000 0.000000 
613945.000000 -114827.000000 0.000000 
613792.000000 -113680.000000 0.000000 
613691.000000 -109415.000000 0.000000 
613619.000000 -109381.000000 0.000000 
610592.000000 -97067.000000 0.000000 
606059.000000 -95128.000000 0.000000 
605980.000000 -94904.000000 0.000000 
605947.000000 -88656.000000 0.000000 
605938.000000 -85764.000000 0.000000 
602556.000000 -71791.000000 0.000000 
598284.000000 -71613.000000 0.000000 
598050.000000 -66708.000000 0.000000 
597882.000000 -65994.000000 0.000000 
594672.000000 -60168.000000 0.000000 
594077.000000 -56527.000000 0.000000 
590951.000000 -45411.000000 0.000000 
590124.000000 -44778.000000 0.000000 
587255.000000 -42117.000000 0.000000 
586993.000000 -41267.000000 0.000000 
586780.000000 -37269.000000 0.000000 
586371.000000 -33469.000000 0.000000 
584657.000000 -28567.000000 0.000000 
583445.000000 -25504.000000 0.000000 
581862.000000 -25178.000000 0.000000 
581394.000000 -18420.000000 0.000000 
578931.000000 -17024.000000 0.000000 
578430.000000 -13896.000000 0.000000 
576559.000000 -13255.000000 0.000000 
576445.000000 -5323.000000 0.000000 
573243.000000 -3050.000000 0.000000 
572490.000000 -2061.000000 0.000000 
572431.000000 929.000000 0.000000 
569445.000000 3359.000000 0.000000 
569318.000000 3886.000000 0.000000 
569245.000000 4531.000000 0.000000 
568813.000000 8011.000000 0.000000 
568433.000000 9306.000000 0.000000 
567036.000000 11014.000000 0.000000 
566087.000000 14528.000000 0.000000 
566019.000000 14564.000000 0.000000 
565115.000000 14747.000000 0.000000 
565110.000000 16597.000000 0.000000 
565015.000000 18489.000000 0.000000 
563837.000000 19075.000000 0.000000 
562595.000000 23735.000000 0.000000 
561858.000000 25333.000000 0.000000 
561346.000000 27204.000000 0.000000 
560205.000000 28064.000000 0.000000 
558802.000000 29337.000000 0.000000 
558692.000000 30865.000000 0.000000 
558504.000000 31302.000000 0.000000 
557986.000000 31483.000000 0.000000 
557689.000000 31851.000000 0.000000 
557584.000000 32028.000000 0.000000 
557513.000000 32172.000000 0.000000 
557489.000000 33411.000000 0.000000 
557148.000000 38924.000000 0.000000 
555610.000000 39246.000000 0.000000 
555479.000000 40443.000000 0.000000 
554639.000000 41996.000000 0.000000 
552784.000000 42913.000000 0.000000 
551872.000000 46292.000000 0.000000 
551587.000000 47490.000000 0.000000 
551071.000000 47934.000000 0.000000 
550084.000000 48490.000000 0.000000 
549361.000000 51249.000000 0.000000 
547823.000000 54076.000000 0.000000 
547588.000000 56405.000000 0.000000 
545211.000000 56597.000000 0.000000 
544935.000000 58403.000000 0.000000 
544028.000000 59044.000000 0.000000 
543905.000000 61468.000000 0.000000 
543734.000000 63954.000000 0.000000 
540549.000000 68966.000000 0.000000 
540039.000000 69209.000000 0.000000 
539471.000000 69266.000000 0.000000 
538435.000000 69945.000000 0.000000 
537958.000000 71448.000000 0.000000 
537393.000000 72065.000000 0.000000 
536776.000000 75937.000000 0.000000 
535258.000000 80273.000000 0.000000 
532513.000000 80773.000000 0.000000 
532015.000000 81005.000000 0.000000 
531904.000000 81190.000000 0.000000 
531838.000000 82682.000000 0.000000 
530360.000000 84314.000000 0.000000 
529477.000000 86965.000000 0.000000 
528931.000000 87134.000000 0.000000 
528841.000000 88574.000000 0.000000 
528540.000000 89498.000000 0.000000 
527661.000000 90042.000000 0.000000 
525560.000000 94915.000000 0.000000 
524610.000000 95508.000000 0.000000 
523409.000000 96148.000000 0.000000 
521387.000000 97646.000000 0.000000 
521203.000000 100472.000000 0.000000 
520542.000000 101000.000000 0.000000 
519072.000000 101200.000000 0.000000 
518929.000000 101971.000000 0.000000 
518564.000000 102908.000000 0.000000 
517901.000000 106728.000000 0.000000 
516519.000000 107419.000000 0.000000 
515506.000000 108794.000000 0.000000 
514128.000000 110974.000000 0.000000 
513956.000000 111482.000000 0.000000 
513947.000000 112188.000000 0.000000 
512958.000000 112426.000000 0.000000 
512597.000000 113967.000000 0.000000 
511633.000000 114212.000000 0.000000 
510152.000000 118177.000000 0.000000 
507425.000000 119500.000000 0.000000 
506521.000000 119541.000000 0.000000 
506315.000000 122860.000000 0.000000 
505951.000000 122871.000000 0.000000 
505606.000000 124502.000000 0.000000 
505081.000000 124873.000000 0.000000 
502411.000000 128025.000000 0.000000 
501224.000000 129356.000000 0.000000 
501130.000000 130017.000000 0.000000 
500137.000000 130666.000000 0.000000 
499098.000000 131374.000000 0.000000 
498421.000000 132589.000000 0.000000 
498380.000000 132786.000000 0.000000 
497973.000000 134465.000000 0.000000 
497877.000000 134712.000000 0.000000 
495344.000000 134714.000000 0.000000 
494914.000000 140016.000000 0.000000 
493106.000000 140371.000000 0.000000 
492964.000000 141106.000000 0.000000 
492332.000000 141707.000000 0.000000 
490762.000000 144100.000000 0.000000 
490724.000000 144447.000000 0.000000 
490359.000000 145043.000000 0.000000 
489819.000000 145130.000000 0.000000 
488799.000000 145470.000000 0.000000 
488504.000000 145993.000000 0.000000 
487301.000000 150019.000000 0.000000 
485719.000000 150160.000000 0.000000 
485559.000000 151353.000000 0.000000 
484662.000000 151593.000000 0.000000 
483734.000000 153769.000000 0.000000 
483040.000000 154955.000000 0.000000 
482532.000000 155461.000000 0.000000 
482496.000000 155500.000000 0.000000 
482326.000000 155563.000000 0.000000 
482158.000000 156377.000000 0.000000 
481236.000000 156880.000000 0.000000 
480280.000000 157003.000000 0.000000 
479198.000000 158472.000000 0.000000 
479114.000000 159099.000000 0.000000 
478379.000000 159758.000000 0.000000 
478261.000000 160371.000000 0.000000 
477999.000000 160937.000000 0.000000 
476600.000000 161017.000000 0.000000 
476554.000000 161593.000000 0.000000 
475592.000000 162126.000000 0.000000 
475319.000000 164159.000000 0.000000 
475181.000000 165934.000000 0.000000 
474736.000000 166002.000000 0.000000 
473445.000000 166627.000000 0.000000 
472899.000000 167139.000000 0.000000 
472140.000000 169296.000000 0.000000 
471749.000000 169378.000000 0.000000 
471555.000000 169817.000000 0.000000 
471554.000000 170580.000000 0.000000 
470855.000000 170701.000000 0.000000 
469560.000000 170732.000000 0.000000 
469523.000000 171055.000000 0.000000 
469176.000000 172548.000000 0.000000 
468282.000000 174027.000000 0.000000 
467925.000000 174566.000000 0.000000 
467686.000000 175428.000000 0.000000 
467378.000000 175673.000000 0.000000 
467101.000000 176109.000000 0.000000 
465901.000000 176884.000000 0.000000 
465729.000000 178015.000000 0.000000 
464215.000000 180313.000000 0.000000 
464098.000000 180502.000000 0.000000 
463191.000000 181330.000000 0.000000 
463137.000000 181581.000000 0.000000 
461591.000000 181957.000000 0.000000 
461577.000000 182075.000000 0.000000 
461141.000000 185781.000000 0.000000 
459017.000000 185988.000000 0.000000 
458806.000000 186083.000000 0.000000 
457396.000000 186650.000000 0.000000 
456411.000000 188777.000000 0.000000 
456409.000000 189307.000000 0.000000 
456407.000000 189916.000000 0.000000 
455837.000000 189978.000000 0.000000 
454896.000000 190444.000000 0.000000 
454413.000000 190479.000000 0.000000 
453644.000000 191421.000000 0.000000 
452815.000000 194775.000000 0.000000 
451382.000000 195068.000000 0.000000 
451059.000000 195076.000000 0.000000 
450375.000000 195890.000000 0.000000 
449494.000000 196512.000000 0.000000 
448719.000000 198908.000000 0.000000 
448576.000000 199390.000000 0.000000 
447915.000000 199839.000000 0.000000 
447463.000000 200903.000000 0.000000 
445611.000000 201344.000000 0.000000 
444580.000000 204500.000000 0.000000 
444555.000000 205069.000000 0.000000 
444059.000000 205604.000000 0.000000 
443227.000000 205731.000000 0.000000 
442250.000000 206897.000000 0.000000 
440819.000000 209386.000000 0.000000 
439824.000000 209758.000000 0.000000 
439740.000000 209901.000000 0.000000 
439005.000000 211986.000000 0.000000 
436843.000000 212509.000000 0.000000 
436639.000000 213379.000000 0.000000 
436508.000000 214891.000000 0.000000 
435181.000000 215797.000000 0.000000 
435094.000000 215885.000000 0.000000 
434426.000000 216229.000000 0.000000 
433219.000000 217433.000000 0.000000 
432507.000000 218115.000000 0.000000 
431904.000000 218290.000000 0.000000 
431797.000000 218578.000000 0.000000 
430932.000000 219315.000000 0.000000 
430758.000000 220018.000000 0.000000 
430690.000000 220947.000000 0.000000 
429002.000000 221362.000000 0.000000 
428964.000000 223318.000000 0.000000 
427789.000000 223671.000000 0.000000 
427377.000000 223895.000000 0.000000 
427193.000000 224046.000000 0.000000 
427094.000000 225762.000000 0.000000 
425366.000000 225957.000000 0.000000 
425203.000000 226364.000000 0.000000 
424903.000000 226464.000000 0.000000 
424791.000000 227022.000000 0.000000 
424769.000000 229694.000000 0.000000 
423130.000000 230081.000000 0.000000 
421850.000000 230728.000000 0.000000 
421581.000000 231017.000000 0.000000 
421538.000000 232136.000000 0.000000 
421260.000000 233416.000000 0.000000 
419515.000000 234918.000000 0.000000 
417686.000000 235625.000000 0.000000 
417014.000000 235914.000000 0.000000 
417008.000000 236896.000000 0.000000 
416974.000000 237409.000000 0.000000 
416794.000000 237522.000000 0.000000 
416447.000000 238081.000000 0.000000 
415714.000000 238417.000000 0.000000 
415646.000000 239880.000000 0.000000 
414125.000000 241065.000000 0.000000 
413158.000000 241688.000000 0.000000 
412878.000000 241907.000000 0.000000 
412453.000000 242241.000000 0.000000 
411890.000000 243106.000000 0.000000 
411420.000000 243849.000000 0.000000 
409835.000000 244401.000000 0.000000 
409737.000000 245856.000000 0.000000 
409686.000000 246001.000000 0.000000 
409674.000000 247277.000000 0.000000 
407914.000000 247820.000000 0.000000 
407225.000000 248250.000000 0.000000 
407083.000000 248363.000000 0.000000 
406085.000000 251241.000000 0.000000 
404016.000000 253494.000000 0.000000 
401884.000000 255805.000000 0.000000 
401143.000000 256185.000000 0.000000 
400033.000000 256659.000000 0.000000 
399521.000000 256710.000000 0.000000 
398701.000000 256742.000000 0.000000 
398189.000000 257583.000000 0.000000 
397925.000000 258295.000000 0.000000 
397619.000000 259526.000000 0.000000 
397190.000000 259733.000000 0.000000 
396758.000000 260115.000000 0.000000 
396240.000000 260378.000000 0.000000 
395479.000000 261339.000000 0.000000 
395382.000000 261513.000000 0.000000 
394013.000000 262308.000000 0.000000 
393831.000000 264887.000000 0.000000 
393630.000000 265833.000000 0.000000 
391713.000000 265913.000000 0.000000 
389715.000000 266650.000000 0.000000 
389455.000000 268413.000000 0.000000 
388252.000000 268658.000000 0.000000 
387503.000000 269097.000000 0.000000 
387176.000000 270120.000000 0.000000 
385629.000000 272374.000000 0.000000 
385556.000000 273550.000000 0.000000 
385249.000000 273593.000000 0.000000 
383956.000000 274377.000000 0.000000 
383784.000000 274799.000000 0.000000 
381633.000000 276979.000000 0.000000 
379490.000000 277885.000000 0.000000 
379037.000000 278069.000000 0.000000 
378151.000000 278425.000000 0.000000 
377992.000000 283427.000000 0.000000 
375360.000000 283474.000000 0.000000 
374242.000000 283498.000000 0.000000 
373382.000000 283745.000000 0.000000 
373298.000000 284597.000000 0.000000 
373092.000000 284966.000000 0.000000 
372658.000000 286112.000000 0.000000 
372058.000000 286900.000000 0.000000 
371626.000000 287442.000000 0.000000 
371525.000000 288436.000000 0.000000 
369445.000000 288897.000000 0.000000 
369370.000000 289072.000000 0.000000 
368968.000000 289967.000000 0.000000 
368667.000000 290034.000000 0.000000 
368077.000000 290074.000000 0.000000 
367533.000000 290333.000000 0.000000 
367379.000000 291453.000000 0.000000 
367221.000000 291747.000000 0.000000 
365473.000000 292642.000000 0.000000 
365255.000000 293703.000000 0.000000 
364064.000000 294146.000000 0.000000 
363467.000000 295975.000000 0.000000 
361828.000000 297896.000000 0.000000 
360253.000000 297989.000000 0.000000 
359980.000000 298638.000000 0.000000 
359779.000000 299265.000000 0.000000 
359310.000000 300172.000000 0.000000 
357695.000000 301858.000000 0.000000 
355728.000000 303362.000000 0.000000 
355536.000000 304360.000000 0.000000 
353016.000000 304746.000000 0.000000 
352900.000000 305988.000000 0.000000 
351895.000000 307700.000000 0.000000 
351058.000000 308094.000000 0.000000 
348494.000000 309560.000000 0.000000 
348190.000000 309933.000000 0.000000 
347615.000000 310000.000000 0.000000 
347595.000000 310675.000000 0.000000 
347346.000000 310726.000000 0.000000 
346990.000000 311969.000000 0.000000 
346730.000000 312374.000000 0.000000 
344717.000000 313695.000000 0.000000 
343990.000000 314058.000000 0.000000 
343837.000000 314969.000000 0.000000 
343259.000000 316032.000000 0.000000 
342920.000000 316625.000000 0.000000 
340336.000000 318255.000000 0.000000 
339680.000000 318329.000000 0.000000 
339487.000000 318781.000000 0.000000 
338967.000000 321129.000000 0.000000 
336126.000000 321273.000000 0.000000 
335527.000000 322546.000000 0.000000 
335020.000000 322874.000000 0.000000 
334514.000000 322920.000000 0.000000 
334459.000000 323652.000000 0.000000 
334102.000000 324330.000000 0.000000 
332419.000000 326105.000000 0.000000 
330755.000000 326362.000000 0.000000 
330730.000000 327893.000000 0.000000 
329697.000000 327936.000000 0.000000 
329613.000000 328035.000000 0.000000 
329050.000000 328461.000000 0.000000 
328197.000000 329521.000000 0.000000 
328024.000000 329702.000000 0.000000 
327459.000000 329790.000000 0.000000 
327195.000000 331304.000000 0.000000 
325516.000000 331528.000000 0.000000 
325310.000000 332106.000000 0.000000 
325123.000000 332424.000000 0.000000 
324303.000000 332888.000000 0.000000 
323461.000000 333679.000000 0.000000 
322694.000000 334015.000000 0.000000 
322662.000000 334201.000000 0.000000 
322438.000000 335190.000000 0.000000 
322202.000000 336167.000000 0.000000 
322159.000000 336189.000000 0.000000 
321457.000000 336523.000000 0.000000 
319851.000000 336801.000000 0.000000 
319555.000000 338416.000000 0.000000 
318086.000000 338866.000000 0.000000 
317762.000000 339422.000000 0.000000 
317329.000000 339438.000000 0.000000 
317211.000000 339889.000000 0.000000 
316458.000000 339979.000000 0.000000 
316256.000000 340000.000000 0.000000 
316129.000000 343154.000000 0.000000 
313569.000000 343726.000000 0.000000 
313105.000000 344334.000000 0.000000 
311295.000000 344465.000000 0.000000 
310902.000000 344661.000000 0.000000 
310798.000000 345863.000000 0.000000 
310782.000000 346023.000000 0.000000 
309913.000000 347821.000000 0.000000 
309164.000000 347996.000000 0.000000 
308225.000000 348285.000000 0.000000 
307168.000000 349203.000000 0.000000 
306831.000000 350188.000000 0.000000 
305322.000000 350763.000000 0.000000 
304626.000000 352449.000000 0.000000 
304443.000000 352516.000000 0.000000 
304167.000000 352722.000000 0.000000 
303057.000000 354323.000000 0.000000 
300857.000000 355002.000000 0.000000 
300753.000000 355251.000000 0.000000 
300016.000000 355284.000000 0.000000 
299706.000000 356240.000000 0.000000 
299448.000000 356890.000000 0.000000 
298655.000000 357354.000000 0.000000 
297810.000000 357460.000000 0.000000 
297504.000000 357638.000000 0.000000 
297488.000000 358768.000000 0.000000 
296034.000000 358931.000000 0.000000 
296025.000000 359106.000000 0.000000 
295997.000000 359312.000000 0.000000 
295268.000000 360952.000000 0.000000 
294495.000000 362498.000000 0.000000 
292531.000000 362586.000000 0.000000 
292496.000000 363736.000000 0.000000 
291382.000000 364553.000000 0.000000 
290547.000000 364924.000000 0.000000 
289402.000000 365322.000000 0.000000 
288763.000000 365517.000000 0.000000 
288293.000000 366095.000000 0.000000 
288159.000000 366776.000000 0.000000 
287855.000000 367034.000000 0.000000 
287569.000000 367158.000000 0.000000 
286721.000000 367960.000000 0.000000 
286257.000000 368575.000000 0.000000 
285574.000000 368693.000000 0.000000 
284537.000000 369225.000000 0.000000 
284503.000000 369251.000000 0.000000 
284348.000000 369286.000000 0.000000 
284210.000000 369307.000000 0.000000 
284042.000000 371513.000000 0.000000 
282426.000000 372516.000000 0.000000 
281688.000000 372931.000000 0.000000 
280706.000000 373175.000000 0.000000 
280575.000000 374016.000000 0.000000 
279487.000000 374531.000000 0.000000 
278757.000000 374780.000000 0.000000 
278362.000000 375317.000000 0.000000 
278266.000000 375367.000000 0.000000 
278208.000000 375812.000000 0.000000 
277469.000000 375883.000000 0.000000 
277452.000000 377118.000000 0.000000 
275789.000000 377341.000000 0.000000 
275077.000000 377477.000000 0.000000 
274988.000000 379097.000000 0.000000 
273971.000000 379261.000000 0.000000 
273609.000000 379814.000000 0.000000 
272862.000000 380084.000000 0.000000 
272599.000000 380146.000000 0.000000 
272591.000000 380566.000000 0.000000 
272044.000000 381475.000000 0.000000 
271414.000000 381999.000000 0.000000 
270633.000000 383497.000000 0.000000 
269602.000000 384553.000000 0.000000 
267113.000000 384663.000000 0.000000 
266995.000000 386756.000000 0.000000 
266137.000000 386991.000000 0.000000 
265763.000000 387047.000000 0.000000 
265558.000000 387961.000000 0.000000 
264967.000000 388656.000000 0.000000 
263389.000000 388732.000000 0.000000 
263169.000000 389226.000000 0.000000 
262711.000000 389874.000000 0.000000 
262078.000000 390041.000000 0.000000 
262049.000000 390498.000000 0.000000 
261785.000000 391490.000000 0.000000 
261402.000000 391509.000000 0.000000 
260908.000000 391588.000000 0.000000 
260286.000000 391635.000000 0.000000 
260278.000000 391665.000000 0.000000 
260248.000000 392029.000000 0.000000 
259587.000000 392749.000000 0.000000 
258656.000000 393036.000000 0.000000 
258208.000000 393787.000000 0.000000 
257142.000000 394040.000000 0.000000 
256866.000000 394503.000000 0.000000 
256834.000000 394597.000000 0.000000 
256682.000000 395893.000000 0.000000 
255464.000000 397758.000000 0.000000 
252954.000000 399134.000000 0.000000 
252528.000000 399164.000000 0.000000 
251616.000000 400277.000000 0.000000 
250115.000000 400547.000000 0.000000 
250033.000000 400548.000000 0.000000 
250010.000000 401052.000000 0.000000 
248926.000000 402331.000000 0.000000 
248861.000000 403969.000000 0.000000 
245403.000000 404122.000000 0.000000 
244908.000000 404143.000000 0.000000 
244906.000000 405212.000000 0.000000 
244893.000000 406455.000000 0.000000 
244184.000000 406981.000000 0.000000 
242679.000000 407382.000000 0.000000 
242461.000000 408723.000000 0.000000 
240105.000000 408951.000000 0.000000 
239802.000000 409848.000000 0.000000 
239105.000000 410470.000000 0.000000 
239058.000000 410486.000000 0.000000 
238764.000000 410623.000000 0.000000 
238387.000000 411643.000000 0.000000 
238302.000000 411767.000000 0.000000 
238285.000000 411814.000000 0.000000 
236402.000000 412654.000000 0.000000 
235509.000000 413314.000000 0.000000 
235220.000000 413707.000000 0.000000 
234775.000000 414430.000000 0.000000 
234204.000000 414857.000000 0.000000 
233881.000000 415097.000000 0.000000 
233635.000000 416048.000000 0.000000 
231373.000000 416309.000000 0.000000 
230939.000000 419030.000000 0.000000 
229462.000000 419598.000000 0.000000 
229267.000000 419811.000000 0.000000 
227158.000000 421351.000000 0.000000 
226357.000000 421379.000000 0.000000 
226233.000000 422065.000000 0.000000 
226099.000000 422635.000000 0.000000 
224150.000000 423057.000000 0.000000 
224084.000000 423144.000000 0.000000 
223003.000000 423256.000000 0.000000 
222827.000000 423746.000000 0.000000 
222126.000000 425054.000000 0.000000 
221666.000000 426000.000000 0.000000 
220629.000000 427179.000000 0.000000 
220497.000000 427206.000000 0.000000 
219293.000000 427212.000000 0.000000 
217961.000000 427443.000000 0.000000 
217451.000000 427700.000000 0.000000 
217202.000000 428095.000000 0.000000 
217058.000000 429498.000000 0.000000 
216642.000000 429594.000000 0.000000 
216023.000000 430030.000000 0.000000 
215839.000000 431080.000000 0.000000 
214546.000000 431664.000000 0.000000 
213333.000000 431890.000000 0.000000 
213171.000000 432345.000000 0.000000 
212295.000000 433048.000000 0.000000 
212101.000000 433192.000000 0.000000 
211949.000000 433691.000000 0.000000 
211355.000000 434136.000000 0.000000 
211245.000000 434284.000000 0.000000 
210629.000000 434309.000000 0.000000 
210505.000000 434367.000000 0.000000 
209809.000000 434729.000000 0.000000 
209616.000000 434823.000000 0.000000 
208867.000000 434877.000000 0.000000 
208442.000000 435870.000000 0.000000 
208390.000000 436097.000000 0.000000 
208123.000000 437053.000000 0.000000 
207486.000000 438114.000000 0.000000 
206487.000000 438484.000000 0.000000 
205618.000000 438546.000000 0.000000 
205090.000000 438676.000000 0.000000 
203835.000000 438808.000000 0.000000 
203748.000000 438845.000000 0.000000 
203641.000000 438873.000000 0.000000 
203487.000000 439304.000000 0.000000 
203474.000000 439982.000000 0.000000 
203270.000000 442151.000000 0.000000 
201500.000000 442350.000000 0.000000 
201320.000000 442786.000000 0.000000 
199321.000000 443440.000000 0.000000 
199095.000000 444102.000000 0.000000 
198043.000000 444387.000000 0.000000 
197239.000000 446479.000000 0.000000 
196038.000000 446850.000000 0.000000 
194238.000000 446938.000000 0.000000 
194088.000000 447279.000000 0.000000 
193854.000000 447622.000000 0.000000 
193642.000000 447861.000000 0.000000 
193590.000000 447915.000000 0.000000 
193246.000000 448628.000000 0.000000 
191843.000000 451373.000000 0.000000 
188294.000000 452495.000000 0.000000 
187419.000000 454279.000000 0.000000 
186836.000000 454460.000000 0.000000 
186354.000000 454487.000000 0.000000 
184453.000000 454775.000000 0.000000 
184256.000000 455329.000000 0.000000 
183621.000000 455387.000000 0.000000 
182858.000000 455993.000000 0.000000 
182719.000000 457550.000000 0.000000 
182633.000000 457850.000000 0.000000 
180789.000000 458030.000000 0.000000 
180175.000000 458481.000000 0.000000 
179527.000000 459125.000000 0.000000 
178922.000000 461959.000000 0.000000 
178424.000000 462162.000000 0.000000 
174340.000000 462666.000000 0.000000 
173968.000000 462959.000000 0.000000 
173425.000000 463484.000000 0.000000 
173337.000000 463718.000000 0.000000 
173306.000000 465931.000000 0.000000 
170383.000000 466756.000000 0.000000 
169974.000000 467311.000000 0.000000 
168774.000000 467733.000000 0.000000 
168096.000000 468960.000000 0.000000 
167427.000000 469373.000000 0.000000 
167285.000000 469598.000000 0.000000 
166709.000000 470105.000000 0.000000 
163979.000000 472001.000000 0.000000 
163845.000000 472273.000000 0.000000 
162426.000000 472780.000000 0.000000 
162003.000000 472916.000000 0.000000 
161420.000000 472952.000000 0.000000 
161383.000000 473184.000000 0.000000 
161147.000000 473246.000000 0.000000 
160526.000000 473383.000000 0.000000 
160380.000000 473471.000000 0.000000 
160227.000000 473909.000000 0.000000 
160158.000000 474569.000000 0.000000 
159840.000000 475315.000000 0.000000 
157522.000000 476980.000000 0.000000 
157257.000000 477012.000000 0.000000 
156589.000000 477266.000000 0.000000 
156046.000000 477571.000000 0.000000 
154957.000000 478997.000000 0.000000 
154876.000000 479210.000000 0.000000 
153560.000000 481227.000000 0.000000 
151846.000000 481756.000000 0.000000 
149592.000000 482449.000000 0.000000 
149206.000000 482534.000000 0.000000 
148907.000000 482536.000000 0.000000 
148730.000000 485174.000000 0.000000 
145810.000000 485735.000000 0.000000 
144652.000000 485923.000000 0.000000 
144019.000000 486545.000000 0.000000 
143809.000000 486620.000000 0.000000 
143554.000000 486848.000000 0.000000 
143425.000000 488851.000000 0.000000 
143283.000000 489451.000000 0.000000 
140608.000000 490411.000000 0.000000 
140503.000000 490872.000000 0.000000 
138644.000000 491025.000000 0.000000 
138522.000000 491806.000000 0.000000 
138141.000000 492476.000000 0.000000 
136878.000000 493526.000000 0.000000 
134719.000000 493622.000000 0.000000 
134582.000000 494016.000000 0.000000 
133968.000000 494628.000000 0.000000 
132952.000000 497057.000000 0.000000 
130829.000000 497095.000000 0.000000 
130668.000000 497352.000000 0.000000 
130443.000000 497602.000000 0.000000 
130240.000000 497812.000000 0.000000 
129276.000000 497899.000000 0.000000 
129082.000000 501099.000000 0.000000 
125604.000000 501108.000000 0.000000 
125247.000000 502637.000000 0.000000 
122062.000000 503287.000000 0.000000 
121962.000000 504767.000000 0.000000 
121308.000000 505254.000000 0.000000 
119487.000000 506135.000000 0.000000 
118710.000000 506199.000000 0.000000 
117112.000000 506213.000000 0.000000 
116355.000000 507214.000000 0.000000 
116271.000000 508430.000000 0.000000 
116075.000000 508605.000000 0.000000 
115122.000000 509439.000000 0.000000 
114361.000000 509441.000000 0.000000 
113944.000000 509976.000000 0.000000 
113635.000000 510271.000000 0.000000 
111584.000000 513188.000000 0.000000 
110717.000000 513193.000000 0.000000 
110445.000000 513514.000000 0.000000 
108499.000000 513603.000000 0.000000 
108449.000000 513790.000000 0.000000 
107566.000000 513801.000000 0.000000 
107333.000000 514185.000000 0.000000 
106931.000000 515512.000000 0.000000 
106304.000000 517333.000000 0.000000 
103686.000000 518316.000000 0.000000 
102897.000000 518317.000000 0.000000 
102520.000000 518416.000000 0.000000 
101651.000000 519360.000000 0.000000 
101012.000000 520008.000000 0.000000 
100170.000000 521331.000000 0.000000 
98986.000000 521402.000000 0.000000 
98471.000000 522215.000000 0.000000 
96515.000000 525601.000000 0.000000 
93413.000000 525759.000000 0.000000 
92318.000000 526030.000000 0.000000 
91007.000000 529663.000000 0.000000 
86813.000000 530173.000000 0.000000 
85735.000000 530330.000000 0.000000 
85224.000000 531238.000000 0.000000 
83609.000000 531585.000000 0.000000 
83256.000000 532238.000000 0.000000 
83221.000000 533331.000000 0.000000 
83202.000000 533416.000000 0.000000 
80376.000000 534738.000000 0.000000 
78545.000000 536368.000000 0.000000 
76332.000000 536950.000000 0.000000 
73974.000000 537246.000000 0.000000 
73633.000000 537799.000000 0.000000 
72481.000000 539895.000000 0.000000 
71471.000000 540509.000000 0.000000 
71427.000000 540690.000000 0.000000 
70786.000000 540795.000000 0.000000 
70493.000000 541233.000000 0.000000 
70465.000000 541495.000000 0.000000 
66785.000000 541630.000000 0.000000 
66411.000000 543051.000000 0.000000 
66225.000000 544217.000000 0.000000 
65830.000000 544749.000000 0.000000 
65339.000000 545534.000000 0.000000 
61171.000000 545794.000000 0.000000 
60474.000000 548273.000000 0.000000 
59533.000000 548437.000000 0.000000 
58235.000000 548475.000000 0.000000 
54841.000000 550578.000000 0.000000 
53097.000000 551155.000000 0.000000 
52822.000000 551443.000000 0.000000 
52538.000000 552525.000000 0.000000 
52522.000000 552579.000000 0.000000 
48760.000000 552740.000000 0.000000 
47713.000000 553550.000000 0.000000 
47610.000000 555531.000000 0.000000 
45893.000000 556097.000000 0.000000 
45687.000000 556242.000000 0.000000 
42819.000000 556722.000000 0.000000 
41210.000000 558148.000000 0.000000 
40600.000000 558779.000000 0.000000 
40323.000000 559641.000000 0.000000 
38959.000000 559866.000000 0.000000 
38539.000000 559903.000000 0.000000 
36585.000000 559962.000000 0.000000 
35911.000000 560813.000000 0.000000 
35418.000000 561662.000000 0.000000 
33976.000000 562488.000000 0.000000 
32536.000000 563859.000000 0.000000 
29264.000000 564038.000000 0.000000 
28494.000000 564106.000000 0.000000 
27512.000000 564497.000000 0.000000 
27102.000000 565278.000000 0.000000 
26610.000000 565940.000000 0.000000 
26184.000000 566972.000000 0.000000 
25178.000000 567750.000000 0.000000 
22263.000000 568147.000000 0.000000 
20081.000000 568448.000000 0.000000 
19821.000000 568911.000000 0.000000 
19048.000000 571244.000000 0.000000 
18306.000000 571318.000000 0.000000 
14417.000000 571866.000000 0.000000 
13795.000000 572485.000000 0.000000 
13672.000000 572769.000000 0.000000 
12652.000000 573502.000000 0.000000 
12273.000000 574669.000000 0.000000 
11526.000000 574676.000000 0.000000 
8398.000000 575658.000000 0.000000 
6826.000000 577544.000000 0.000000 
5912.000000 578101.000000 0.000000 
3083.000000 578128.000000 0.000000 
2814.000000 578377.000000 0.000000 
1974.000000 579050.000000 0.000000 
90.000000 581550.000000 0.000000 
-2933.000000 582125.000000 0.000000 
-4770.000000 582279.000000 0.000000 
-6199.000000 582421.000000 0.000000 
-7915.000000 582586.000000 0.000000 
-9217.000000 583487.000000 0.000000 
-10344.000000 585625.000000 0.000000 
-11575.000000 585951.000000 0.000000 
-12371.000000 586160.000000 0.000000 
-12617.000000 586281.000000 0.000000 
-14991.000000 587335.000000 0.000000 
-16312.000000 589100.000000 0.000000 
-18981.000000 590280.000000 0.000000 
-23330.000000 590901.000000 0.000000 
-24442.000000 591438.000000 0.000000 
-26233.000000 594104.000000 0.000000 
-32685.000000 595721.000000 0.000000 
-34360.000000 596114.000000 0.000000 
-35175.000000 597514.000000 0.000000 
-35486.000000 597555.000000 0.000000 
-41370.000000 598061.000000 0.000000 
-42893.000000 599921.000000 0.000000 
-44495.000000 601253.000000 0.000000 
-47363.000000 601970.000000 0.000000 
-52055.000000 601998.000000 0.000000 
-52423.000000 603110.000000 0.000000 
-52486.000000 603482.000000 0.000000 
-52712.000000 603522.000000 0.000000 
-55936.000000 604154.000000 0.000000 
-56063.000000 605445.000000 0.000000 
-60586.000000 607040.000000 0.000000 
-61864.000000 607949.000000 0.000000 
-68563.000000 608019.000000 0.000000 
-69113.000000 608128.000000 0.000000 
-69226.000000 608234.000000 0.000000 
-69512.000000 610035.000000 0.000000 
-72238.000000 610736.000000 0.000000 
-73416.000000 611161.000000 0.000000 
-74456.000000 612827.000000 0.000000 
-81327.000000 613089.000000 0.000000 
-82408.000000 613894.000000 0.000000 
-84083.000000 614539.000000 0.000000 
-85419.000000 614706.000000 0.000000 
-85939.000000 614728.000000 0.000000 
-86349.000000 614872.000000 0.000000 
-87565.000000 615365.000000 0.000000 
-89966.000000 615783.000000 0.000000 
-91289.000000 616157.000000 0.000000 
-93104.000000 617375.000000 0.000000 
-94798.000000 617634.000000 0.000000 
-95589.000000 620152.000000 0.000000 
-98383.000000 620484.000000 0.000000 
-99544.000000 620963.000000 0.000000 
-102747.000000 621185.000000 0.000000 
-104520.000000 621757.000000 0.000000 
-106998.000000 621926.000000 0.000000 
-107674.000000 623735.000000 0.000000 
-109872.000000 626312.000000 0.000000 
-116164.000000 627601.000000 0.000000 
-123124.000000 628259.000000 0.000000 
-126885.000000 628906.000000 0.000000 
-127830.000000 629437.000000 0.000000 
-129379.000000 629490.000000 0.000000 
-130130.000000 629503.000000 0.000000 
-130718.000000 631098.000000 0.000000 
-131560.000000 631384.000000 0.000000 
-140132.000000 632333.000000 0.000000 
-141039.000000 632843.000000 0.000000 
-141975.000000 633053.000000 0.000000 
-144488.000000 633829.000000 0.000000 
-146083.000000 633885.000000 0.000000 
-150278.000000 634044.000000 0.000000 
-150997.000000 637402.000000 0.000000 
-158964.000000 637887.000000 0.000000 
-161759.000000 638473.000000 0.000000 
-162713.000000 638893.000000 0.000000 
-163206.000000 639973.000000 0.000000 
-163323.000000 640730.000000 0.000000 
-169816.000000 640959.000000 0.000000 
-174068.000000 641298.000000 0.000000 
-174935.000000 642308.000000 0.000000 
-179221.000000 643751.000000 0.000000 
-180356.000000 644302.000000 0.000000 
-185438.000000 645508.000000 0.000000 
-188894.000000 645652.000000 0.000000 
-188901.000000 646169.000000 0.000000 
-194578.000000 648251.000000 0.000000 
-199642.000000 648401.000000 0.000000 
-201561.000000 648891.000000 0.000000 
-202008.000000 649470.000000 0.000000 
-205758.000000 650284.000000 0.000000 
-211942.000000 654330.000000 0.000000 
-224170.000000 655715.000000 0.000000 
-225233.000000 657233.000000 0.000000 
-235968.000000 658872.000000 0.000000 
-239334.000000 658937.000000 0.000000 
-240612.000000 660780.000000 0.000000 
-244854.000000 661018.000000 0.000000 
-248631.000000 661033.000000 0.000000 
-250590.000000 661080.000000 0.000000 
-251714.000000 661132.000000 0.000000 
-252165.000000 661658.000000 0.000000 
-255299.000000 662146.000000 0.000000 
-257677.000000 663292.000000 0.000000 
-257834.000000 664100.000000 0.000000 
-259503.000000 664304.000000 0.000000 
-260929.000000 665110.000000 0.000000 
-262888.000000 665609.000000 0.000000 
-264415.000000 666532.000000 0.000000 
-267279.000000 666830.000000 0.000000 
-267954.000000 667824.000000 0.000000 
-271226.000000 667965.000000 0.000000 
-276461.000000 668425.000000 0.000000 
-276605.000000 669114.000000 0.000000 
-278570.000000 671638.000000 0.000000 
-286269.000000 672152.000000 0.000000 
-288048.000000 672470.000000 0.000000 
-288116.000000 674071.000000 0.000000 
-296834.000000 674839.000000 0.000000 
-300440.000000 678128.000000 0.000000 
-313543.000000 678930.000000 0.000000 
-315154.000000 679129.000000 0.000000 
-316256.000000 679781.000000 0.000000 
-317628.000000 679895.000000 0.000000 
-317636.000000 680028.000000 0.000000 
-319540.000000 681420.000000 0.000000 
-320080.000000 682035.000000 0.000000 
-320535.000000 682187.000000 0.000000 
-321136.000000 682891.000000 0.000000 
-328854.000000 683014.000000 0.000000 
-329767.000000 683087.000000 0.000000 
-331671.000000 683133.000000 0.000000 
-332210.000000 683357.000000 0.000000 
-333568.000000 683374.000000 0.000000 
-333700.000000 683521.000000 0.000000 
-334373.000000 683804.000000 0.000000 
-336502.000000 683858.000000 0.000000 
-338246.000000 684040.000000 0.000000 
-339442.000000 684082.000000 0.000000 
-339840.000000 684568.000000 0.000000 
-339970.000000 685045.000000 0.000000 
-340914.000000 685498.000000 0.000000 
-342679.000000 685635.000000 0.000000 
-342865.000000 686209.000000 0.000000 
-342958.000000 686289.000000 0.000000 
-344236.000000 686492.000000 0.000000 
-345863.000000 686614.000000 0.000000 
-345881.000000 686725.000000 0.000000 
-346483.000000 686733.000000 0.000000 
-349246.000000 686833.000000 0.000000 
-349259.000000 686852.000000 0.000000 
-349264.000000 686888.000000 0.000000 
-349315.000000 686897.000000 0.000000 
-349328.000000 686906.000000 0.000000 
