686416.000000 356962.000000 0.000000 
686409.000000 356975.000000 0.000000 
686395.000000 358625.000000 0.000000 
686104.000000 358721.000000 0.000000 
686097.000000 358735.000000 0.000000 
686096.000000 362559.000000 0.000000 
686037.000000 368115.000000 0.000000 
686000.000000 369372.000000 0.000000 
685953.000000 369434.000000 0.000000 
685940.000000 371433.000000 0.000000 
685748.000000 371765.000000 0.000000 
685700.000000 372217.000000 0.000000 
685683.000000 372429.000000 0.000000 
685655.000000 372465.000000 0.000000 
685644.000000 372928.000000 0.000000 
685605.000000 373568.000000 0.000000 
685508.000000 373596.000000 0.000000 
685470.000000 373840.000000 0.000000 
685388.000000 375414.000000 0.000000 
685138.000000 380429.000000 0.000000 
684962.000000 380994.000000 0.000000 
684431.000000 382056.000000 0.000000 
684194.000000 382629.000000 0.000000 
683780.000000 387209.000000 0.000000 
683143.000000 387896.000000 0.000000 
682685.000000 388541.000000 0.000000 
682490.000000 390168.000000 0.000000 
682346.000000 393495.000000 0.000000 
682032.000000 399130.000000 0.000000 
680913.000000 399455.000000 0.000000 
680626.000000 403520.000000 0.000000 
680015.000000 406438.000000 0.000000 
679774.000000 407915.000000 0.000000 
678778.000000 409204.000000 0.000000 
678476.000000 409923.000000 0.000000 
678469.000000 414296.000000 0.000000 
677514.000000 415160.000000 0.000000 
677477.000000 416657.000000 0.000000 
677161.000000 421663.000000 0.000000 
676863.000000 422749.000000 0.000000 
675927.000000 426415.000000 0.000000 
674900.000000 427460.000000 0.000000 
674843.000000 433580.000000 0.000000 
673651.000000 433972.000000 0.000000 
673462.000000 434806.000000 0.000000 
673347.000000 438504.000000 0.000000 
672793.000000 443936.000000 0.000000 
670812.000000 447741.000000 0.000000 
669469.000000 448292.000000 0.000000 
669449.000000 454009.000000 0.000000 
668529.000000 454318.000000 0.000000 
668141.000000 457178.000000 0.000000 
667601.000000 463561.000000 0.000000 
666558.000000 465606.000000 0.000000 
666464.000000 469697.000000 0.000000 
665221.000000 472934.000000 0.000000 
664934.000000 473129.000000 0.000000 
664309.000000 475333.000000 0.000000 
664109.000000 477314.000000 0.000000 
664058.000000 478342.000000 0.000000 
663395.000000 482677.000000 0.000000 
663362.000000 485235.000000 0.000000 
662244.000000 488209.000000 0.000000 
661464.000000 492839.000000 0.000000 
660052.000000 495810.000000 0.000000 
660011.000000 496456.000000 0.000000 
659100.000000 498291.000000 0.000000 
658944.000000 499542.000000 0.000000 
658886.000000 500027.000000 0.000000 
658858.000000 500374.000000 0.000000 
658688.000000 500524.000000 0.000000 
658370.000000 502605.000000 0.000000 
657587.000000 503237.000000 0.000000 
657405.000000 505855.000000 0.000000 
657079.000000 506533.000000 0.000000 
656620.000000 509738.000000 0.000000 
655655.000000 510216.000000 0.000000 
655461.000000 511257.000000 0.000000 
655421.000000 513624.000000 0.000000 
654823.000000 513844.000000 0.000000 
654214.000000 514046.000000 0.000000 
654074.000000 514294.000000 0.000000 
654033.000000 517189.000000 0.000000 
653635.000000 517568.000000 0.000000 
653106.000000 517911.000000 0.000000 
653038.000000 520393.000000 0.000000 
652993.000000 521609.000000 0.000000 
651867.000000 524442.000000 0.000000 
650850.000000 524828.000000 0.000000 
650719.000000 526956.000000 0.000000 
650347.000000 527747.000000 0.000000 
650332.000000 528615.000000 0.000000 
650130.000000 528634.000000 0.000000 
649375.000000 531748.000000 0.000000 
649085.000000 531865.000000 0.000000 
648883.000000 535354.000000 0.000000 
647268.000000 537085.000000 0.000000 
646697.000000 541847.000000 0.000000 
644430.000000 542363.000000 0.000000 
643874.000000 542464.000000 0.000000 
643821.000000 542858.000000 0.000000 
643432.000000 544493.000000 0.000000 
643056.000000 544814.000000 0.000000 
642478.000000 545695.000000 0.000000 
642204.000000 547390.000000 0.000000 
641651.000000 547995.000000 0.000000 
640784.000000 548013.000000 0.000000 
640475.000000 550021.000000 0.000000 
640020.000000 550079.000000 0.000000 
639925.000000 551669.000000 0.000000 
639299.000000 555491.000000 0.000000 
638498.000000 556549.000000 0.000000 
637763.000000 556996.000000 0.000000 
636391.000000 558315.000000 0.000000 
635955.000000 558940.000000 0.000000 
635351.000000 561343.000000 0.000000 
634181.000000 563413.000000 0.000000 
633378.000000 564043.000000 0.000000 
632874.000000 565453.000000 0.000000 
632697.000000 566297.000000 0.000000 
631895.000000 569007.000000 0.000000 
630347.000000 570297.000000 0.000000 
629930.000000 570545.000000 0.000000 
629469.000000 571200.000000 0.000000 
629016.000000 573066.000000 0.000000 
628221.000000 573142.000000 0.000000 
627638.000000 574760.000000 0.000000 
627474.000000 574783.000000 0.000000 
626758.000000 576212.000000 0.000000 
625870.000000 576689.000000 0.000000 
625760.000000 577223.000000 0.000000 
625707.000000 577570.000000 0.000000 
624545.000000 578283.000000 0.000000 
624475.000000 578779.000000 0.000000 
624367.000000 578875.000000 0.000000 
623983.000000 579173.000000 0.000000 
623290.000000 581044.000000 0.000000 
622970.000000 581288.000000 0.000000 
622536.000000 582401.000000 0.000000 
622325.000000 582601.000000 0.000000 
622046.000000 582721.000000 0.000000 
621743.000000 583091.000000 0.000000 
621530.000000 583500.000000 0.000000 
620719.000000 583746.000000 0.000000 
620542.000000 585037.000000 0.000000 
620384.000000 585806.000000 0.000000 
620239.000000 586150.000000 0.000000 
619212.000000 587487.000000 0.000000 
618971.000000 587825.000000 0.000000 
618089.000000 588101.000000 0.000000 
617916.000000 588154.000000 0.000000 
617897.000000 589050.000000 0.000000 
616716.000000 590282.000000 0.000000 
616281.000000 590768.000000 0.000000 
616259.000000 591559.000000 0.000000 
615112.000000 591623.000000 0.000000 
615036.000000 592541.000000 0.000000 
614562.000000 593174.000000 0.000000 
613870.000000 593397.000000 0.000000 
613837.000000 593750.000000 0.000000 
613631.000000 595335.000000 0.000000 
612690.000000 595732.000000 0.000000 
612205.000000 596007.000000 0.000000 
611763.000000 597109.000000 0.000000 
610539.000000 597577.000000 0.000000 
610178.000000 597624.000000 0.000000 
610112.000000 598696.000000 0.000000 
608997.000000 598941.000000 0.000000 
608860.000000 599091.000000 0.000000 
608605.000000 599328.000000 0.000000 
608582.000000 599332.000000 0.000000 
608386.000000 599511.000000 0.000000 
608251.000000 599960.000000 0.000000 
608058.000000 600725.000000 0.000000 
607155.000000 600794.000000 0.000000 
607054.000000 601009.000000 0.000000 
607037.000000 601839.000000 0.000000 
606671.000000 602255.000000 0.000000 
606554.000000 602438.000000 0.000000 
605886.000000 603570.000000 0.000000 
605101.000000 603689.000000 0.000000 
605082.000000 604076.000000 0.000000 
604507.000000 604220.000000 0.000000 
604285.000000 605755.000000 0.000000 
604116.000000 606692.000000 0.000000 
603007.000000 606821.000000 0.000000 
602405.000000 607031.000000 0.000000 
601949.000000 607065.000000 0.000000 
601712.000000 608076.000000 0.000000 
601609.000000 608119.000000 0.000000 
601588.000000 608515.000000 0.000000 
601046.000000 608698.000000 0.000000 
600771.000000 609191.000000 0.000000 
600171.000000 609463.000000 0.000000 
599822.000000 611638.000000 0.000000 
597836.000000 612221.000000 0.000000 
597511.000000 613307.000000 0.000000 
596712.000000 613746.000000 0.000000 
595711.000000 613827.000000 0.000000 
595484.000000 615354.000000 0.000000 
594576.000000 615664.000000 0.000000 
594191.000000 615854.000000 0.000000 
593706.000000 616259.000000 0.000000 
593377.000000 616793.000000 0.000000 
592964.000000 616966.000000 0.000000 
592826.000000 617677.000000 0.000000 
592401.000000 618050.000000 0.000000 
591176.000000 618638.000000 0.000000 
590369.000000 618665.000000 0.000000 
590324.000000 619064.000000 0.000000 
590078.000000 619122.000000 0.000000 
589930.000000 619718.000000 0.000000 
589560.000000 619815.000000 0.000000 
589379.000000 619939.000000 0.000000 
589297.000000 620068.000000 0.000000 
589191.000000 620278.000000 0.000000 
588744.000000 620429.000000 0.000000 
588608.000000 620521.000000 0.000000 
588173.000000 621299.000000 0.000000 
587994.000000 621390.000000 0.000000 
587754.000000 621480.000000 0.000000 
587128.000000 621955.000000 0.000000 
586554.000000 622436.000000 0.000000 
586425.000000 622676.000000 0.000000 
586406.000000 622708.000000 0.000000 
586256.000000 622753.000000 0.000000 
585991.000000 624605.000000 0.000000 
584621.000000 624762.000000 0.000000 
584351.000000 624883.000000 0.000000 
583573.000000 624911.000000 0.000000 
583525.000000 624974.000000 0.000000 
583182.000000 625423.000000 0.000000 
582538.000000 625918.000000 0.000000 
582292.000000 625999.000000 0.000000 
582101.000000 626088.000000 0.000000 
582081.000000 626480.000000 0.000000 
581333.000000 627361.000000 0.000000 
580996.000000 627579.000000 0.000000 
580797.000000 627616.000000 0.000000 
580718.000000 628524.000000 0.000000 
579696.000000 628808.000000 0.000000 
579130.000000 628824.000000 0.000000 
579101.000000 629181.000000 0.000000 
578637.000000 629533.000000 0.000000 
578333.000000 630063.000000 0.000000 
577820.000000 630094.000000 0.000000 
577582.000000 630159.000000 0.000000 
577442.000000 630278.000000 0.000000 
577297.000000 630908.000000 0.000000 
576493.000000 632034.000000 0.000000 
576439.000000 632395.000000 0.000000 
574932.000000 632669.000000 0.000000 
574784.000000 633409.000000 0.000000 
574235.000000 633521.000000 0.000000 
573886.000000 633605.000000 0.000000 
573452.000000 634028.000000 0.000000 
573417.000000 634950.000000 0.000000 
572612.000000 635608.000000 0.000000 
571621.000000 635972.000000 0.000000 
571349.000000 636557.000000 0.000000 
571342.000000 636752.000000 0.000000 
569015.000000 637260.000000 0.000000 
568803.000000 637886.000000 0.000000 
568687.000000 638104.000000 0.000000 
568653.000000 638666.000000 0.000000 
567743.000000 639727.000000 0.000000 
565537.000000 640695.000000 0.000000 
563782.000000 641119.000000 0.000000 
563168.000000 642276.000000 0.000000 
562524.000000 643266.000000 0.000000 
561204.000000 643676.000000 0.000000 
560509.000000 643747.000000 0.000000 
560200.000000 644403.000000 0.000000 
559170.000000 644585.000000 0.000000 
558150.000000 645239.000000 0.000000 
557919.000000 645260.000000 0.000000 
557580.000000 646851.000000 0.000000 
556192.000000 647422.000000 0.000000 
555233.000000 647961.000000 0.000000 
554470.000000 648236.000000 0.000000 
553311.000000 648944.000000 0.000000 
552194.000000 649447.000000 0.000000 
551688.000000 649456.000000 0.000000 
551433.000000 650267.000000 0.000000 
549936.000000 651079.000000 0.000000 
548966.000000 651639.000000 0.000000 
548734.000000 652146.000000 0.000000 
546344.000000 652407.000000 0.000000 
546065.000000 652576.000000 0.000000 
546033.000000 653884.000000 0.000000 
543841.000000 654030.000000 0.000000 
542709.000000 654172.000000 0.000000 
542696.000000 654786.000000 0.000000 
542480.000000 654950.000000 0.000000 
541820.000000 655191.000000 0.000000 
541633.000000 655456.000000 0.000000 
541413.000000 656209.000000 0.000000 
541040.000000 656275.000000 0.000000 
540253.000000 656368.000000 0.000000 
538967.000000 656573.000000 0.000000 
538107.000000 657095.000000 0.000000 
537866.000000 657139.000000 0.000000 
536980.000000 657479.000000 0.000000 
536499.000000 657586.000000 0.000000 
535604.000000 658641.000000 0.000000 
535456.000000 658804.000000 0.000000 
535128.000000 659015.000000 0.000000 
534422.000000 659165.000000 0.000000 
534002.000000 659651.000000 0.000000 
533428.000000 660827.000000 0.000000 
530325.000000 662185.000000 0.000000 
527263.000000 663368.000000 0.000000 
526875.000000 663604.000000 0.000000 
525130.000000 664480.000000 0.000000 
524117.000000 664942.000000 0.000000 
521995.000000 665309.000000 0.000000 
520735.000000 665384.000000 0.000000 
520632.000000 665460.000000 0.000000 
520617.000000 665919.000000 0.000000 
520606.000000 666078.000000 0.000000 
519251.000000 666561.000000 0.000000 
519104.000000 666831.000000 0.000000 
517931.000000 666883.000000 0.000000 
517790.000000 667122.000000 0.000000 
517342.000000 667899.000000 0.000000 
516513.000000 668760.000000 0.000000 
513189.000000 669565.000000 0.000000 
509994.000000 669691.000000 0.000000 
509715.000000 670139.000000 0.000000 
509416.000000 670469.000000 0.000000 
506688.000000 671334.000000 0.000000 
505842.000000 671795.000000 0.000000 
503749.000000 672150.000000 0.000000 
503450.000000 672403.000000 0.000000 
503105.000000 672925.000000 0.000000 
502190.000000 673599.000000 0.000000 
500462.000000 673610.000000 0.000000 
499594.000000 673620.000000 0.000000 
499496.000000 674404.000000 0.000000 
497194.000000 675282.000000 0.000000 
494127.000000 676123.000000 0.000000 
490912.000000 677062.000000 0.000000 
489084.000000 677341.000000 0.000000 
486314.000000 677443.000000 0.000000 
485016.000000 677458.000000 0.000000 
484885.000000 677800.000000 0.000000 
483234.000000 678022.000000 0.000000 
482843.000000 678871.000000 0.000000 
482245.000000 679953.000000 0.000000 
477779.000000 680235.000000 0.000000 
477308.000000 681464.000000 0.000000 
476189.000000 681723.000000 0.000000 
474727.000000 682716.000000 0.000000 
470172.000000 683221.000000 0.000000 
467098.000000 683539.000000 0.000000 
464022.000000 684905.000000 0.000000 
458177.000000 685015.000000 0.000000 
455321.000000 685029.000000 0.000000 
452666.000000 686274.000000 0.000000 
447224.000000 686330.000000 0.000000 
445843.000000 686357.000000 0.000000 
443180.000000 686919.000000 0.000000 
442022.000000 687535.000000 0.000000 
436311.000000 687881.000000 0.000000 
434557.000000 688256.000000 0.000000 
434328.000000 688462.000000 0.000000 
431600.000000 689016.000000 0.000000 
428585.000000 689544.000000 0.000000 
426907.000000 689749.000000 0.000000 
425066.000000 689976.000000 0.000000 
424687.000000 690271.000000 0.000000 
424249.000000 690318.000000 0.000000 
423152.000000 690463.000000 0.000000 
420515.000000 691409.000000 0.000000 
418563.000000 691680.000000 0.000000 
418024.000000 691996.000000 0.000000 
414702.000000 692746.000000 0.000000 
413884.000000 693149.000000 0.000000 
411149.000000 693664.000000 0.000000 
408708.000000 694238.000000 0.000000 
407349.000000 694870.000000 0.000000 
403725.000000 695280.000000 0.000000 
401592.000000 695305.000000 0.000000 
400636.000000 695388.000000 0.000000 
400314.000000 695480.000000 0.000000 
399172.000000 695980.000000 0.000000 
399045.000000 696026.000000 0.000000 
397433.000000 696031.000000 0.000000 
396579.000000 696076.000000 0.000000 
396291.000000 696268.000000 0.000000 
395892.000000 696558.000000 0.000000 
394438.000000 696590.000000 0.000000 
394237.000000 696634.000000 0.000000 
392345.000000 696858.000000 0.000000 
391863.000000 697447.000000 0.000000 
391692.000000 697604.000000 0.000000 
391559.000000 697752.000000 0.000000 
391299.000000 697797.000000 0.000000 
388362.000000 698099.000000 0.000000 
386723.000000 698714.000000 0.000000 
386520.000000 698756.000000 0.000000 
384937.000000 698996.000000 0.000000 
384869.000000 699006.000000 0.000000 
384377.000000 699212.000000 0.000000 
384316.000000 699451.000000 0.000000 
382680.000000 699632.000000 0.000000 
382113.000000 700176.000000 0.000000 
381211.000000 700850.000000 0.000000 
378487.000000 700981.000000 0.000000 
376116.000000 702293.000000 0.000000 
368287.000000 702513.000000 0.000000 
365654.000000 704008.000000 0.000000 
362197.000000 704146.000000 0.000000 
359655.000000 704267.000000 0.000000 
359304.000000 704270.000000 0.000000 
359126.000000 704356.000000 0.000000 
358970.000000 704628.000000 0.000000 
357836.000000 704670.000000 0.000000 
357161.000000 704690.000000 0.000000 
357141.000000 704691.000000 0.000000 
355048.000000 704751.000000 0.000000 
354452.000000 704811.000000 0.000000 
354364.000000 704822.000000 0.000000 
354351.000000 704881.000000 0.000000 
353123.000000 705474.000000 0.000000 
351718.000000 705476.000000 0.000000 
351622.000000 705558.000000 0.000000 
344320.000000 705656.000000 0.000000 
344054.000000 705680.000000 0.000000 
340526.000000 705700.000000 0.000000 
340490.000000 705752.000000 0.000000 
340451.000000 705763.000000 0.000000 
338664.000000 705840.000000 0.000000 
338315.000000 706155.000000 0.000000 
336738.000000 706563.000000 0.000000 
333852.000000 706566.000000 0.000000 
333812.000000 706662.000000 0.000000 
